3.9720999999999997
5.7139999999999995
4.8376
5.2538
0.8281000000000001
0.0905
0.0941
0.0652
0.0385
0.0419
0.027899999999999998
0.0361
0.038900000000000004
0.0558
0.022099999999999998
0.2824
0.0991
0.1422
0.2085
0.4244
0.9030999999999999
0.2712
0.0332
0.0526
2.3933
2.8171
2.6775
2.9135999999999997
2.5551000000000004
0.4647
0.5578
0.0317
0.0314
0.0402
0.034300000000000004
0.0357
0.028399999999999998
0.0313
0.0403
0.0258
0.1158
0.576
0.5139
0.7302
0.9537
1.0069
0.632
2.3382000000000005
2.3785000000000003
2.1594999999999995
0.5582
0.2517
0.163
0.1708
0.1691
0.20450000000000002
0.4482
0.48519999999999996
0.4203
0.2635
0.15960000000000002
0.1235
0.16570000000000001
0.4123
0.3042
0.3062
0.324
0.38039999999999996
1.0136
1.1643000000000001
0.9011
2.7494
1.1247000000000003
1.317
3.4499
0.7319
0.7318
0.7002
0.4458
0.3718
0.33399999999999996
0.3183
0.277
0.2691
0.3389
0.42110000000000003
0.6399
1.0434
1.0236
0.8639
1.2972000000000001
2.1782
1.9290000000000003
0.8664
0.49949999999999994
0.4821
0.4344
2.3471
2.7724
1.5968999999999998
0.0251
0.0035000000000000005
0.0291
0.022299999999999997
0.0327
0.0328
0.0265
0.0341
0.037899999999999996
0.0452
0.014499999999999999
0.0176
-0.0008000000000000004
0.021900000000000003
-0.0026000000000000003
0.042100000000000005
0.0156
0.0114
0.004299999999999999
0.005
0.703
0.2919
0.5952999999999999
0.7538
0.4519
0.3527
0.1086
0.0714
0.06319999999999999
0.0642
0.0943
0.06459999999999999
0.0626
0.0313
0.026
0.0165
0.0036
0.0865
0.31079999999999997
0.2714
0.5737
1.1365000000000003
1.2328
1.2332999999999998
0.26639999999999997
0.2631
0.26180000000000003
0.26180000000000003
0.2509
0.1866
0.13490000000000002
0.114
0.41759999999999997
0.07880000000000001
0.07880000000000001
0.05959999999999999
0.056799999999999996
0.0653
0.06220000000000001
0.06570000000000001
0.07300000000000001
0.07629999999999999
0.1616
0.3801
0.3782
0.3752
0.3205
0.2934
3.9621
5.7139999999999995
4.8276
5.2638
0.8381000000000001
0.1005
0.0941
0.0652
0.048499999999999995
0.051899999999999995
0.027899999999999998
0.0361
0.038900000000000004
0.0558
0.0321
0.2824
0.08909999999999998
0.13219999999999998
0.2085
0.4244
0.9130999999999999
0.2712
0.0332
0.042600000000000006
2.3933
2.8270999999999997
2.6775
2.9036
2.5651
0.4547
0.5678
0.0317
0.0214
0.0302
0.0443
0.0457
0.028399999999999998
0.0313
0.0403
0.0358
0.1158
0.586
0.5139
0.7402
0.9637
1.0069
0.642
2.3382000000000005
2.3785000000000003
2.1594999999999995
0.5482
0.2517
0.163
0.1608
0.1591
0.20450000000000002
0.4482
0.47519999999999996
0.4203
0.2535
0.15960000000000002
0.1235
0.16570000000000001
0.4223
0.2942
0.3062
0.324
0.38039999999999996
1.0136
1.1643000000000001
0.9011
2.7494
1.1347
1.317
3.4399
0.7419
0.7418
0.7002
0.4558
0.3618
0.344
0.3083
0.277
0.2791
0.32889999999999997
0.42110000000000003
0.6399
1.0434
1.0236
0.8539
1.2972000000000001
2.1782
1.9290000000000003
0.8664
0.49949999999999994
0.47209999999999996
0.4344
2.3471
2.7824
1.5968999999999998
0.0251
0.0035000000000000005
0.0291
0.022299999999999997
0.022699999999999998
0.0228
0.0365
0.0241
0.037899999999999996
0.0452
0.014499999999999999
0.0176
0.0092
0.0119
0.0074
0.042100000000000005
0.0256
0.0114
0.0143
-0.005
0.703
0.2919
0.6053
0.7638
0.4519
0.3527
0.1086
0.0614
0.0732
0.0742
0.0943
0.06459999999999999
0.0526
0.0313
0.026
0.0065
0.013600000000000001
0.0865
0.3208
0.2714
0.5637
1.1465
1.2328
1.2233
0.26639999999999997
0.2731
0.2518
0.2518
0.2509
0.1966
0.12490000000000001
0.114
0.40759999999999996
0.07880000000000001
0.0688
0.0696
0.056799999999999996
0.0553
0.06220000000000001
0.07570000000000002
0.063
0.0863
0.1716
0.3701
0.36819999999999997
0.3752
0.3305
0.2934
3.9720999999999997
5.7139999999999995
4.8276
5.2638
0.8281000000000001
0.1005
0.0941
0.0552
0.0385
0.051899999999999995
0.037899999999999996
0.0261
0.038900000000000004
0.0658
0.0321
0.2924
0.0991
0.1422
0.2185
0.4244
0.9130999999999999
0.2712
0.023200000000000002
0.042600000000000006
2.3933
2.8270999999999997
2.6775
2.9135999999999997
2.5651
0.4547
0.5678
0.0217
0.0314
0.0402
0.034300000000000004
0.0457
0.028399999999999998
0.0313
0.0503
0.0258
0.1158
0.586
0.5239
0.7302
0.9637
1.0069
0.632
2.3382000000000005
2.3785000000000003
2.1594999999999995
0.5582
0.2517
0.163
0.1708
0.1591
0.20450000000000002
0.4582
0.47519999999999996
0.4203
0.2635
0.15960000000000002
0.1335
0.1557
0.4223
0.2942
0.3062
0.334
0.37039999999999995
1.0136
1.1743
0.9011
2.7594
1.1247000000000003
1.3070000000000002
3.4499
0.7419
0.7318
0.7002
0.4558
0.3618
0.33399999999999996
0.3183
0.267
0.2791
0.32889999999999997
0.43110000000000004
0.6499
1.0434
1.0236
0.8639
1.2972000000000001
2.1782
1.9290000000000003
0.8664
0.49949999999999994
0.47209999999999996
0.4344
2.3471
2.7724
1.5968999999999998
0.0351
0.013500000000000002
0.0291
0.022299999999999997
0.0327
0.0328
0.0365
0.0241
0.027899999999999998
0.0452
0.014499999999999999
0.0076
-0.0008000000000000004
0.0119
-0.0026000000000000003
0.0521
0.0156
0.0114
0.0143
0.005
0.703
0.3019
0.5952999999999999
0.7538
0.4419
0.3627
0.11860000000000001
0.0714
0.06319999999999999
0.0642
0.08429999999999999
0.06459999999999999
0.0626
0.0213
0.015999999999999997
0.0065
0.013600000000000001
0.0865
0.3208
0.26139999999999997
0.5737
1.1365000000000003
1.2328
1.2233
0.26639999999999997
0.2631
0.26180000000000003
0.2518
0.2509
0.1966
0.12490000000000001
0.104
0.40759999999999996
0.07880000000000001
0.0688
0.0696
0.056799999999999996
0.0553
0.07220000000000001
0.07570000000000002
0.063
0.07629999999999999
0.1716
0.3701
0.36819999999999997
0.36519999999999997
0.3205
0.2934
3.9720999999999997
5.7139999999999995
4.8276
5.2638
0.8381000000000001
0.1005
0.0941
0.0652
0.048499999999999995
0.051899999999999995
0.037899999999999996
0.0361
0.038900000000000004
0.0558
0.022099999999999998
0.2824
0.0991
0.13219999999999998
0.2085
0.4144
0.9030999999999999
0.2712
0.023200000000000002
0.0526
2.3833
2.8270999999999997
2.6775
2.9036
2.5551000000000004
0.4547
0.5578
0.0317
0.0314
0.0302
0.0443
0.0457
0.0384
0.0313
0.0403
0.0358
0.1158
0.586
0.5139
0.7402
0.9637
1.0069
0.632
2.3382000000000005
2.3885
2.1494999999999997
0.5482
0.2617
0.163
0.1708
0.1591
0.1945
0.4582
0.48519999999999996
0.4303
0.2535
0.15960000000000002
0.1335
0.1557
0.4223
0.3042
0.3062
0.334
0.38039999999999996
1.0136
1.1743
0.9011
2.7494
1.1247000000000003
1.317
3.4399
0.7419
0.7318
0.7002
0.4458
0.3718
0.33399999999999996
0.3183
0.277
0.2691
0.3389
0.43110000000000004
0.6399
1.0534
1.0335999999999999
0.8539
1.2972000000000001
2.1782
1.939
0.8764
0.49949999999999994
0.4821
0.4344
2.3571
2.7824
1.5869
0.0351
0.0035000000000000005
0.0191
0.032299999999999995
0.022699999999999998
0.0328
0.0265
0.0241
0.027899999999999998
0.0352
0.0245
0.0176
0.0092
0.0119
0.0074
0.0521
0.0156
0.0014000000000000002
0.0143
-0.005
0.703
0.2919
0.5952999999999999
0.7638
0.4419
0.3527
0.1086
0.0714
0.0732
0.0742
0.08429999999999999
0.0746
0.0626
0.0313
0.015999999999999997
0.0165
0.0036
0.0865
0.3208
0.2714
0.5637
1.1365000000000003
1.2328
1.2332999999999998
0.26639999999999997
0.2731
0.2518
0.2518
0.2509
0.1966
0.12490000000000001
0.114
0.40759999999999996
0.0688
0.0688
0.0696
0.0668
0.0553
0.06220000000000001
0.06570000000000001
0.07300000000000001
0.0863
0.1616
0.3801
0.3782
0.3752
0.3305
0.2834
3.9621
5.7139999999999995
4.8276
5.2638
0.8281000000000001
0.0905
0.0941
0.0652
0.048499999999999995
0.0419
0.037899999999999996
0.0261
0.0489
0.0658
0.0321
0.2824
0.08909999999999998
0.1422
0.2085
0.4244
0.9130999999999999
0.2812
0.023200000000000002
0.042600000000000006
2.3833
2.8270999999999997
2.6875
2.9135999999999997
2.5651
0.4547
0.5678
0.0217
0.0314
0.0402
0.0443
0.0357
0.028399999999999998
0.0313
0.0403
0.0358
0.10579999999999999
0.586
0.5239
0.7402
0.9537
1.0069
0.632
2.3482000000000003
2.3785000000000003
2.1594999999999995
0.5582
0.2517
0.153
0.1708
0.1591
0.1945
0.4482
0.47519999999999996
0.4203
0.2635
0.15960000000000002
0.1235
0.1557
0.4123
0.3042
0.3062
0.334
0.37039999999999995
1.0136
1.1643000000000001
0.9111
2.7494
0.9378000000000001
6.2517000000000005
5.7702
4.956
2.1892
0.40800000000000003
0.4698
0.5703
0.6204999999999999
0.456
0.358
0.3129
0.3257
0.3026
0.3215
0.38870000000000005
0.5405
1.9403000000000001
1.1155999999999997
0.9813999999999999
0.9599000000000001
0.9231
0.8773000000000001
0.7416
2.3186
2.4093
2.029
1.9924999999999997
0.0923
0.0406
0.051000000000000004
0.0434
0.0188
0.0315
0.022000000000000002
0.0092
0.029099999999999997
0.0544
0.0496
0.0494
0.038
0.0415
0.057
0.0169
0.024499999999999997
0.0654
0.2113
0.9017
0.16649999999999998
0.1604
0.1406
0.1515
0.14100000000000001
0.2007
0.10980000000000001
0.1388
0.07429999999999999
0.1162
0.17909999999999998
0.0627
0.0631
0.0462
0.04560000000000001
0.0546
0.07239999999999999
0.1844
0.2515
0.2701
0.3016
0.2874
0.28
0.2439
3.0476
3.1144
3.135
1.4192
0.16410000000000002
0.1822
0.2115
0.6996
1.1563
0.6204
0.1452
0.15510000000000002
0.1593
0.1659
0.1835
0.2303
1.0391
1.4017
1.2905000000000002
0.805
0.5111
0.4154
0.3003
1.6471
0.8712
1.5516999999999999
1.8806000000000003
2.1382
0.3759
0.4686
0.42810000000000004
0.2075
0.227
0.2192
0.2182
0.2284
0.23929999999999998
0.2582
0.4693
0.3261
0.23270000000000002
1.0286
0.42310000000000003
0.489
0.24869999999999998
0.1122
0.05140000000000001
0.0452
0.1348
0.014499999999999999
0.0126
0.09870000000000001
0.7531
2.3909000000000002
0.0545
0.0868
0.0824
0.1212
0.1904
0.2112
0.2738
0.2504
0.2298
0.1038
0.1357
0.1437
0.3269
0.13
0.0782
0.054299999999999994
0.0325
0.030299999999999997
0.2768
0.7566
4.9277
2.1975000000000002
0.005
0.3235
0.9097999999999999
-0.005
0.0033999999999999994
0.0253
0.030299999999999997
0.018199999999999997
0.0202
0.0206
0.005
-0.005
-0.005
-0.005
0.14429999999999998
0.0289
-0.005
0.0051
0.027399999999999997
0.0586
0.9378000000000001
6.2517000000000005
5.7702
4.956
2.1992
0.398
0.4598
0.5703
0.6204999999999999
0.456
0.358
0.3229
0.3157
0.3126
0.3215
0.37870000000000004
0.5505
1.9503
1.1056
0.9813999999999999
0.9599000000000001
0.9131
0.8673000000000001
0.7416
2.3186
2.3993
2.029
1.9825
0.0923
0.0306
0.061
0.033400000000000006
0.028800000000000003
0.0315
0.012
0.0092
0.029099999999999997
0.0444
0.0496
0.039400000000000004
0.028
0.0515
0.057
0.0169
0.024499999999999997
0.0654
0.20129999999999998
0.9017
0.1765
0.1604
0.1506
0.1415
0.15100000000000002
0.2007
0.0998
0.14880000000000002
0.0843
0.1162
0.1891
0.0627
0.0631
0.0362
0.04560000000000001
0.0546
0.07239999999999999
0.1844
0.2415
0.2801
0.29159999999999997
0.2874
0.27
0.2439
3.0576
3.1144
3.135
1.4192
0.15410000000000001
0.1922
0.2115
0.6896
1.1563
0.6304
0.1452
0.1451
0.1693
0.15589999999999998
0.1735
0.2203
1.0291000000000001
1.4017
1.2905000000000002
0.795
0.5111
0.4154
0.3103
1.6570999999999998
0.8812
1.5516999999999999
1.8906
2.1382
0.3659
0.4786
0.42810000000000004
0.2075
0.217
0.2192
0.2082
0.21839999999999998
0.2493
0.2682
0.4693
0.3361
0.2227
1.0186000000000002
0.42310000000000003
0.479
0.24869999999999998
0.1122
0.05140000000000001
0.0352
0.1248
0.0245
0.0126
0.0887
0.7631
2.4009
0.0545
0.0868
0.0824
0.1312
0.1904
0.2112
0.2738
0.2504
0.2298
0.11380000000000001
0.1457
0.1437
0.3169
0.14
0.0682
0.0443
0.0325
0.040299999999999996
0.2768
0.7566
4.9376999999999995
2.2075
0.005
0.3335
0.9198
-0.005
0.013399999999999999
0.0253
0.030299999999999997
0.018199999999999997
0.0302
0.010599999999999998
-0.005
-0.005
0.005
-0.005
0.13429999999999997
0.0289
0.005
0.0051
0.027399999999999997
0.0586
0.9278000000000001
6.2517000000000005
5.7602
4.946000000000001
2.1892
0.40800000000000003
0.4598
0.5703
0.6204999999999999
0.456
0.358
0.3229
0.3157
0.3026
0.3115
0.37870000000000004
0.5505
1.9503
1.1155999999999997
0.9914
0.9599000000000001
0.9231
0.8673000000000001
0.7416
2.3186
2.3993
2.019
1.9924999999999997
0.0923
0.0406
0.051000000000000004
0.033400000000000006
0.0188
0.0315
0.012
0.019200000000000002
0.029099999999999997
0.0544
0.05959999999999999
0.0494
0.038
0.0415
0.04700000000000001
0.0169
0.024499999999999997
0.0654
0.2113
0.9017
0.1765
0.1604
0.1406
0.1415
0.15100000000000002
0.2107
0.10980000000000001
0.14880000000000002
0.07429999999999999
0.1162
0.17909999999999998
0.0627
0.0531
0.0462
0.04560000000000001
0.0546
0.07239999999999999
0.1744
0.2415
0.2701
0.29159999999999997
0.2774
0.28
0.2439
3.0476
3.1044
3.1449999999999996
1.4192
0.16410000000000002
0.1822
0.2215
0.6996
1.1563
0.6204
0.1552
0.1451
0.1593
0.15589999999999998
0.1835
0.2303
1.0291000000000001
1.3917000000000002
1.3005
0.805
0.5211
0.4054
0.3103
1.6570999999999998
0.8812
1.5417
1.8806000000000003
2.1282
0.3659
0.4686
0.4181
0.2075
0.217
0.2092
0.2182
0.2284
0.23929999999999998
0.2582
0.4793
0.3361
0.2227
1.0286
0.4131
0.489
0.2587
0.1222
0.0614
0.0452
0.1248
0.014499999999999999
0.0126
0.0887
0.7631
2.4009
0.044500000000000005
0.0868
0.0824
0.1212
0.1904
0.2212
0.2738
0.2404
0.2398
0.1038
0.1357
0.1437
0.3169
0.13
0.0782
0.054299999999999994
0.0325
0.030299999999999997
0.2668
0.7566
4.9376999999999995
2.1975000000000002
0.005
0.3335
0.9198
0.005
0.0033999999999999994
0.0253
0.040299999999999996
0.0282
0.0202
0.0206
-0.005
-0.005
0.005
-0.005
0.14429999999999998
0.0289
-0.005
-0.0049
0.037399999999999996
0.0586
0.9278000000000001
6.2517000000000005
5.7702
4.956
2.1892
0.398
0.4598
0.5703
0.6104999999999999
0.446
0.358
0.3129
0.3157
0.3126
0.3215
0.37870000000000004
0.5405
1.9403000000000001
1.1155999999999997
0.9813999999999999
0.9599000000000001
0.9231
0.8773000000000001
0.7416
2.3186
2.4093
2.019
1.9924999999999997
0.1023
0.0306
0.051000000000000004
0.0434
0.028800000000000003
0.0215
0.022000000000000002
0.019200000000000002
0.039099999999999996
0.0544
0.0496
0.039400000000000004
0.038
0.0515
0.04700000000000001
0.0169
0.034499999999999996
0.07540000000000001
0.20129999999999998
0.9017
0.1765
0.15039999999999998
0.1406
0.1515
0.14100000000000001
0.2007
0.10980000000000001
0.1388
0.07429999999999999
0.1262
0.1891
0.07270000000000001
0.0631
0.0462
0.055600000000000004
0.0646
0.07239999999999999
0.1844
0.2515
0.2701
0.3016
0.2774
0.27
0.2539
3.0576
3.1144
3.135
1.4192
0.16410000000000002
0.1922
0.2215
0.6896
1.1563
0.6304
0.1552
0.15510000000000002
0.1593
0.1659
0.1835
0.2203
1.0391
1.3917000000000002
1.3005
0.795
0.5211
0.4054
0.3003
1.6570999999999998
0.8712
1.5516999999999999
1.8806000000000003
2.1282
0.3759
0.4686
0.4181
0.2175
0.217
0.2192
0.2082
0.2284
0.2493
0.2582
0.4793
0.3361
0.2227
1.0186000000000002
0.42310000000000003
0.479
0.2587
0.1222
0.05140000000000001
0.0352
0.1348
0.014499999999999999
0.0126
0.09870000000000001
0.7631
2.3909000000000002
0.044500000000000005
0.0768
0.09240000000000001
0.1212
0.1904
0.2112
0.2738
0.2504
0.2398
0.11380000000000001
0.1457
0.13369999999999999
0.3169
0.13
0.0782
0.054299999999999994
0.0325
0.030299999999999997
0.2668
0.7666000000000001
4.9376999999999995
2.2075
-0.005
0.3235
0.9198
-0.005
0.0033999999999999994
0.0353
0.040299999999999996
0.0282
0.0202
0.010599999999999998
0.005
0.005
-0.005
0.005
0.14429999999999998
0.0289
0.005
-0.0049
0.037399999999999996
0.048600000000000004
1.8845999999999998
2.172
2.2326999999999995
2.2117000000000004
0.5021
0.0852
0.11460000000000001
0.0939
0.0531
0.0482
0.036399999999999995
0.021
0.0296
0.0236
0.020399999999999998
0.0237
0.0261
0.0317
0.0428
0.04989999999999999
0.0411
0.018600000000000002
0.020999999999999998
1.8019
0.4249
0.3997
0.3896
0.387
0.313
0.0895
0.005
0.5588
0.2924
0.0594
0.0744
0.1691
0.0718
0.0112
0.005
-0.005
-0.005
0.005
1.1368999999999998
0.2685
0.4627
0.6791
0.6943
0.4488
0.5855
0.6103999999999999
0.606
0.5997
0.5835
0.5696
0.4636
1.0252999999999999
0.132
0.1396
0.12480000000000002
0.1403
0.1289
0.1215
0.12080000000000002
0.14479999999999998
0.31980000000000003
2.0678
1.2475
0.7392
0.4929
0.3065
0.2005
0.23010000000000003
1.6195000000000002
1.5525
0.09340000000000001
0.0127
0.005
0.0035000000000000005
0.0309
0.046099999999999995
0.044199999999999996
0.054799999999999995
0.06709999999999999
0.055700000000000006
0.060599999999999994
0.06220000000000001
0.0816
0.0255
0.011099999999999999
0.0098
0.6439
0.017
0.0688
0.2291
0.095
-0.005
2.3886000000000003
2.9666
0.7563
0.34690000000000004
0.0084
0.0304
0.041699999999999994
0.0372
0.062099999999999995
0.0662
0.0645
0.0838
0.0692
0.061099999999999995
0.0724
0.05870000000000001
0.048
0.044700000000000004
0.0515
0.0454
0.031400000000000004
0.029099999999999997
0.0565
1.0739
2.0157
1.2901000000000002
1.2272
0.9731
0.6279
0.5447
0.4231
0.1806
0.0171
0.037899999999999996
0.0277
0.023299999999999998
0.0235
0.012
0.0039
0.0167
0.004599999999999999
0.0071
0.5826
0.1303
0.0701
0.0658
0.06269999999999999
2.4814
3.937
3.505
3.1841999999999997
0.8822
0.1183
0.0007999999999999995
0.024900000000000002
0.0519
0.0693
0.10170000000000001
0.1113
0.0804
0.05909999999999999
0.04650000000000001
0.029299999999999996
0.0237
0.021299999999999996
0.013099999999999997
0.0097
0.0346
0.0883
0.15350000000000003
1.8459000000000003
1.8754000000000002
1.8746
2.182
2.2226999999999997
2.2117000000000004
0.5021
0.0952
0.11460000000000001
0.1039
0.043100000000000006
0.0482
0.026399999999999996
0.021
0.0196
0.0236
0.020399999999999998
0.0337
0.0261
0.0317
0.0428
0.04989999999999999
0.0411
0.028600000000000004
0.031
1.8118999999999998
0.4249
0.3997
0.3896
0.377
0.313
0.07949999999999999
-0.005
0.5588
0.2824
0.0694
0.0844
0.1691
0.0618
0.0011999999999999997
-0.005
0.005
0.005
0.005
1.1269
0.2685
0.4727
0.6891
0.6943
0.4588
0.5955
0.6204
0.606
0.5897
0.5735
0.5796
0.4536
1.0252999999999999
0.132
0.1396
0.13480000000000003
0.1403
0.1289
0.11149999999999999
0.12080000000000002
0.14479999999999998
0.31980000000000003
2.0678
1.2574999999999998
0.7492
0.4929
0.2965
0.21050000000000002
0.22010000000000002
1.6195000000000002
1.5425000000000002
0.0834
0.0027
-0.005
0.0035000000000000005
0.0309
0.046099999999999995
0.044199999999999996
0.054799999999999995
0.0571
0.055700000000000006
0.060599999999999994
0.07220000000000001
0.09160000000000001
0.0355
0.0211
-0.00020000000000000052
0.6339
0.007
0.0688
0.2391
0.095
0.005
2.3986
2.9766
0.7663
0.33690000000000003
-0.0016000000000000003
0.0304
0.0317
0.0272
0.062099999999999995
0.0762
0.0645
0.0838
0.0792
0.061099999999999995
0.062400000000000004
0.06870000000000001
0.057999999999999996
0.044700000000000004
0.0515
0.0454
0.031400000000000004
0.039099999999999996
0.0565
1.0639000000000003
2.0157
1.3001
1.2371999999999999
0.9731
0.6179
0.5547
0.4331
0.1706
0.027100000000000003
0.027899999999999998
0.0277
0.023299999999999998
0.013499999999999998
0.012
0.0139
0.0167
0.004599999999999999
-0.0029000000000000002
0.5926
0.1303
0.0701
0.0658
0.06269999999999999
2.4814
3.927
3.5149999999999997
3.1841999999999997
0.8722
0.1083
0.0007999999999999995
0.0149
0.0519
0.07930000000000001
0.10170000000000001
0.1113
0.0804
0.0691
0.0565
0.039299999999999995
0.0237
0.021299999999999996
0.013099999999999997
0.0097
0.0246
0.0883
0.14350000000000002
1.8559
1.8854
1.8845999999999998
2.182
2.2326999999999995
2.2117000000000004
0.5021
0.0852
0.11460000000000001
0.0939
0.043100000000000006
0.0482
0.036399999999999995
0.021
0.0196
0.0236
0.020399999999999998
0.0337
0.0161
0.0317
0.0428
0.04989999999999999
0.0411
0.018600000000000002
0.020999999999999998
1.8019
0.4249
0.3997
0.3796
0.387
0.303
0.0895
0.005
0.5588
0.2924
0.0594
0.0744
0.1591
0.0618
0.0112
0.005
0.005
-0.005
-0.005
1.1368999999999998
0.2785
0.4627
0.6891
0.6943
0.4488
0.5855
0.6103999999999999
0.616
0.5997
0.5835
0.5796
0.4636
1.0153
0.122
0.1296
0.12480000000000002
0.1403
0.1289
0.11149999999999999
0.12080000000000002
0.14479999999999998
0.31980000000000003
2.0678
1.2475
0.7492
0.4829
0.2965
0.2005
0.22010000000000002
1.6195000000000002
1.5525
0.0834
0.0027
0.005
0.0035000000000000005
0.0309
0.0361
0.05419999999999999
0.054799999999999995
0.06709999999999999
0.055700000000000006
0.060599999999999994
0.07220000000000001
0.0816
0.0355
0.011099999999999999
0.0098
0.6439
0.007
0.0688
0.2291
0.095
-0.005
2.3886000000000003
2.9666
0.7663
0.34690000000000004
0.0084
0.0304
0.0317
0.0372
0.062099999999999995
0.0662
0.07450000000000001
0.07379999999999999
0.0792
0.061099999999999995
0.062400000000000004
0.05870000000000001
0.048
0.044700000000000004
0.0415
0.0554
0.0414
0.029099999999999997
0.0565
1.0739
2.0057
1.2901000000000002
1.2371999999999999
0.9831
0.6179
0.5447
0.4231
0.1706
0.027100000000000003
0.027899999999999998
0.0377
0.033299999999999996
0.013499999999999998
0.012
0.0139
0.0067
0.014599999999999998
-0.0029000000000000002
0.5926
0.12029999999999999
0.0801
0.0758
0.06269999999999999
2.4814
3.937
3.5149999999999997
3.1742
0.8722
0.1183
0.0108
0.0149
0.0519
0.0693
0.10170000000000001
0.1113
0.0804
0.05909999999999999
0.04650000000000001
0.039299999999999995
0.0237
0.031299999999999994
0.0231
0.0097
0.0346
0.0883
0.14350000000000002
1.8559
1.8754000000000002
1.8845999999999998
2.182
2.2326999999999995
2.2217000000000002
0.5021
0.0952
0.11460000000000001
0.0939
0.043100000000000006
0.0482
0.026399999999999996
0.021
0.0296
0.0336
0.0304
0.0237
0.0261
0.0217
0.0428
0.04989999999999999
0.0411
0.018600000000000002
0.020999999999999998
1.8118999999999998
0.4249
0.4097
0.3796
0.377
0.303
0.07949999999999999
-0.005
0.5688
0.2824
0.0594
0.0844
0.1591
0.0618
0.0011999999999999997
0.005
-0.005
0.005
-0.005
1.1368999999999998
0.2785
0.4627
0.6791
0.6843
0.4488
0.5955
0.6103999999999999
0.606
0.5997
0.5735
0.5796
0.4636
1.0153
0.122
0.1396
0.12480000000000002
0.1303
0.1389
0.1215
0.12080000000000002
0.13479999999999998
0.3098
2.0678
1.2574999999999998
0.7392
0.4929
0.2965
0.21050000000000002
0.22010000000000002
1.6195000000000002
1.5425000000000002
0.09340000000000001
0.0027
0.005
0.013500000000000002
0.0209
0.046099999999999995
0.044199999999999996
0.0448
0.06709999999999999
0.06570000000000001
0.060599999999999994
0.06220000000000001
0.0816
0.0255
0.0211
-0.00020000000000000052
0.6339
0.017
0.0688
0.2291
0.095
-0.005
2.3986
2.9666
0.7663
0.34690000000000004
0.0084
0.020399999999999998
0.041699999999999994
0.0272
0.062099999999999995
0.0662
0.0645
0.0838
0.0792
0.061099999999999995
0.0724
0.06870000000000001
0.057999999999999996
0.044700000000000004
0.0515
0.0454
0.031400000000000004
0.029099999999999997
0.0565
1.0739
2.0157
1.2901000000000002
1.2272
0.9831
0.6179
0.5447
0.4231
0.1706
0.0171
0.027899999999999998
0.0377
0.033299999999999996
0.013499999999999998
0.012
0.0039
0.0167
0.014599999999999998
0.0071
0.5826
0.12029999999999999
0.0701
0.0758
0.0727
2.4714
3.937
3.505
3.1742
0.8722
0.1083
0.0007999999999999995
0.024900000000000002
0.0619
0.0693
0.0917
0.1113
0.07039999999999999
0.05909999999999999
0.04650000000000001
0.029299999999999996
0.0237
0.031299999999999994
0.0231
-0.0002999999999999999
0.0246
0.0883
0.14350000000000002
1.8559
1.8754000000000002
1.8845999999999998
2.182
2.2226999999999997
2.2217000000000002
0.4921
0.0852
0.11460000000000001
0.1039
0.043100000000000006
0.0482
0.036399999999999995
0.031000000000000003
0.0196
0.0336
0.0304
0.0237
0.0261
0.0317
0.0428
0.04989999999999999
0.0411
0.028600000000000004
0.031
1.8019
0.4149
0.3997
0.3796
0.387
0.303
0.0895
-0.005
0.5688
0.2924
0.0694
0.0844
0.1591
0.0718
0.0011999999999999997
0.005
0.005
0.005
0.005
1.1269
0.2685
0.4627
0.6891
0.6843
0.4588
0.5855
0.6103999999999999
0.616
0.5897
0.5835
0.5696
0.4536
1.0153
0.132
0.1296
0.12480000000000002
0.1403
0.1389
0.1215
0.13080000000000003
0.13479999999999998
0.31980000000000003
2.0678
1.2475
0.7492
0.4929
0.2965
0.21050000000000002
0.22010000000000002
0.9403
0.9403
0.9011
0.9307
0.9095
0.8745999999999999
0.7535999999999999
0.7918999999999999
0.4385
0.1076
0.0201
0.011
0.0418
0.030500000000000003
0.0322
0.4845
0.3325
0.19619999999999999
0.2957
0.37729999999999997
0.40559999999999996
0.4661
0.5705
1.0363000000000002
3.3922
3.9236
3.8139000000000003
3.6607
3.3255
0.49829999999999997
0.30469999999999997
0.2578
0.1011
0.04409999999999999
0.040299999999999996
0.0070999999999999995
0.018699999999999998
0.013500000000000002
0.0218
0.027899999999999998
0.044199999999999996
0.1437
0.2187
2.2861
0.854
0.7503000000000001
1.0478
1.2321
0.5274
0.5597
0.6341
0.6887
0.9022
1.2164
0.43360000000000004
0.08080000000000001
0.05569999999999999
0.0457
0.0559
0.1587
0.19269999999999998
0.315
0.3262
0.8791
0.49069999999999997
0.2432
0.23370000000000002
0.2083
0.1612
0.1464
0.7075
1.8009999999999997
0.37470000000000003
0.37470000000000003
0.362
0.362
0.3835
0.4001
0.4024
0.47250000000000003
0.3257
0.321
0.083
0.043699999999999996
0.0546
0.0395
0.0444
0.03150000000000001
0.055200000000000006
0.10819999999999999
0.5436
0.6503
0.43620000000000003
0.37239999999999995
0.34240000000000004
0.35719999999999996
4.470199999999999
4.513599999999999
2.8315
0.6585
0.4007
0.6634
1.5630000000000002
0.33140000000000003
0.0338
0.0331
0.0611
0.0537
0.0536
0.0297
0.030300000000000004
0.0064
0.039900000000000005
0.12460000000000002
0.7921
1.2820999999999998
0.4859
0.4284
0.3749
3.1988
0.0322
0.023499999999999997
0.0272
0.0322
0.035699999999999996
0.023299999999999998
0.0291
0.07320000000000002
0.1062
0.1117
0.08349999999999999
0.09340000000000001
0.0707
0.412
2.2005
0.1654
0.0912
0.0438
0.0571
0.6892
0.7111
0.622
0.1157
0.0332
0.1292
0.2041
0.1915
0.18510000000000001
0.1805
0.1804
0.2243
0.0215
0.0441
0.005
0.06689999999999999
0.0743
0.07239999999999999
0.029500000000000002
0.005
-0.005
0.005
-0.005
-0.005
0.6079
0.08900000000000001
-0.005
-0.005
0.005
0.9403
0.9303
0.8911
0.9207
0.8995
0.8745999999999999
0.7535999999999999
0.7918999999999999
0.4285
0.09759999999999999
0.0201
0.011
0.0318
0.0405
0.0322
0.4745
0.3325
0.19619999999999999
0.3057
0.37729999999999997
0.41559999999999997
0.4561
0.5805
1.0463
3.4021999999999997
3.9236
3.8139000000000003
3.6607
3.3255
0.49829999999999997
0.30469999999999997
0.2578
0.1011
0.0341
0.030299999999999997
0.0171
0.018699999999999998
0.013500000000000002
0.0318
0.027899999999999998
0.0342
0.13369999999999999
0.2087
2.2761
0.854
0.7503000000000001
1.0577999999999999
1.2321
0.5274
0.5497
0.6341
0.6987
0.9122
1.2064000000000001
0.44360000000000005
0.08080000000000001
0.0457
0.0457
0.0459
0.16870000000000002
0.18269999999999997
0.305
0.3262
0.8891
0.49069999999999997
0.2332
0.2237
0.1983
0.1612
0.1464
0.7175
1.8009999999999997
0.38470000000000004
0.37470000000000003
0.362
0.372
0.3735
0.4001
0.4024
0.4625
0.3257
0.331
0.073
0.043699999999999996
0.04460000000000001
0.049499999999999995
0.0444
0.0415
0.06520000000000001
0.1182
0.5436
0.6603
0.43620000000000003
0.38239999999999996
0.35240000000000005
0.35719999999999996
4.470199999999999
4.513599999999999
2.8315
0.6485
0.4007
0.6634
1.5630000000000002
0.3214
0.023799999999999998
0.04309999999999999
0.0611
0.0537
0.0536
0.0397
0.030300000000000004
0.0164
0.039900000000000005
0.12460000000000002
0.7821
1.2820999999999998
0.4759
0.4284
0.3649
3.1888
0.0322
0.023499999999999997
0.0372
0.0322
0.035699999999999996
0.023299999999999998
0.0291
0.07320000000000002
0.1062
0.1217
0.08349999999999999
0.09340000000000001
0.0707
0.412
2.2104999999999997
0.1754
0.0812
0.033800000000000004
0.0571
0.6792
0.7011
0.622
0.10569999999999999
0.0332
0.13920000000000002
0.1941
0.2015
0.1751
0.17049999999999998
0.1804
0.2243
0.0215
0.034100000000000005
-0.005
0.06689999999999999
0.0743
0.0824
0.029500000000000002
0.005
-0.005
0.005
0.005
0.005
0.6179
0.079
-0.005
-0.005
-0.005
0.9503
0.9403
0.8911
0.9207
0.9095
0.8645999999999999
0.7636
0.7918999999999999
0.4385
0.09759999999999999
0.0201
0.011
0.0318
0.030500000000000003
0.0322
0.4745
0.3325
0.19619999999999999
0.3057
0.37729999999999997
0.40559999999999996
0.4561
0.5805
1.0363000000000002
3.3922
3.9136
3.8239
3.6607
3.3354999999999997
0.49829999999999997
0.29469999999999996
0.2578
0.1011
0.04409999999999999
0.030299999999999997
0.0171
0.0287
0.013500000000000002
0.0218
0.027899999999999998
0.0342
0.13369999999999999
0.2087
2.2761
0.854
0.7503000000000001
1.0577999999999999
1.2221000000000002
0.5174
0.5497
0.6241
0.6987
0.9022
1.2164
0.43360000000000004
0.08080000000000001
0.0457
0.0457
0.0459
0.16870000000000002
0.19269999999999998
0.315
0.3262
0.8791
0.49069999999999997
0.2432
0.2237
0.2083
0.1612
0.1564
0.7175
1.8009999999999997
0.38470000000000004
0.38470000000000004
0.362
0.362
0.3835
0.4001
0.39239999999999997
0.47250000000000003
0.3357
0.321
0.073
0.0337
0.04460000000000001
0.0395
0.0544
0.03150000000000001
0.06520000000000001
0.10819999999999999
0.5436
0.6603
0.4262
0.37239999999999995
0.35240000000000005
0.34719999999999995
4.4601999999999995
4.5036
2.8315
0.6485
0.4007
0.6734
1.573
0.3214
0.023799999999999998
0.04309999999999999
0.0611
0.0437
0.04360000000000001
0.0397
0.030300000000000004
0.0064
0.039900000000000005
0.11460000000000001
0.7921
1.2820999999999998
0.4759
0.4184
0.3649
3.1888
0.0322
0.023499999999999997
0.0272
0.0222
0.025699999999999997
0.023299999999999998
0.0191
0.07320000000000002
0.0962
0.1117
0.08349999999999999
0.09340000000000001
0.08070000000000001
0.412
2.2005
0.1654
0.0912
0.033800000000000004
0.0471
0.6892
0.7111
0.622
0.10569999999999999
0.043199999999999995
0.1292
0.1941
0.2015
0.18510000000000001
0.1805
0.1704
0.2143
0.0315
0.034100000000000005
-0.005
0.06689999999999999
0.0743
0.07239999999999999
0.0395
-0.005
0.005
0.005
0.005
-0.005
0.6179
0.08900000000000001
-0.005
0.005
0.005
0.9503
0.9403
0.9011
0.9307
0.8995
0.8745999999999999
0.7636
0.7818999999999999
0.4285
0.1076
0.010099999999999998
0.021
0.0318
0.0405
0.0222
0.4845
0.3425
0.2062
0.3057
0.3873
0.41559999999999997
0.4561
0.5805
1.0363000000000002
3.4021999999999997
3.9136
3.8139000000000003
3.6607
3.3354999999999997
0.49829999999999997
0.30469999999999997
0.2578
0.1011
0.0341
0.040299999999999996
0.0070999999999999995
0.0287
0.023500000000000004
0.0218
0.017899999999999996
0.0342
0.1437
0.2087
2.2761
0.854
0.7403000000000001
1.0478
1.2321
0.5274
0.5497
0.6341
0.6987
0.9122
1.2064000000000001
0.44360000000000005
0.0708
0.0457
0.0357
0.0459
0.16870000000000002
0.18269999999999997
0.315
0.3262
0.8791
0.49069999999999997
0.2432
0.2237
0.2083
0.1612
0.1564
0.7175
1.8009999999999997
0.37470000000000003
0.38470000000000004
0.372
0.362
0.3835
0.3901
0.4024
0.47250000000000003
0.3357
0.331
0.083
0.0337
0.04460000000000001
0.049499999999999995
0.0444
0.03150000000000001
0.06520000000000001
0.10819999999999999
0.5536
0.6603
0.43620000000000003
0.38239999999999996
0.35240000000000005
0.35719999999999996
4.470199999999999
4.5036
2.8215000000000003
0.6485
0.4107
0.6634
1.5630000000000002
0.33140000000000003
0.023799999999999998
0.04309999999999999
0.051100000000000007
0.0537
0.04360000000000001
0.0397
0.030300000000000004
0.0164
0.0499
0.11460000000000001
0.7821
1.2721
0.4759
0.4284
0.3749
3.1988
0.0222
0.023499999999999997
0.0272
0.0222
0.025699999999999997
0.023299999999999998
0.0291
0.07320000000000002
0.1062
0.1217
0.08349999999999999
0.09340000000000001
0.08070000000000001
0.422
2.2104999999999997
0.1754
0.0912
0.0438
0.0571
0.6792
0.7011
0.622
0.1157
0.043199999999999995
0.13920000000000002
0.2041
0.1915
0.1751
0.1805
0.1704
0.2143
0.0215
0.0441
-0.005
0.06689999999999999
0.0743
0.0824
0.0395
-0.005
0.005
-0.005
0.005
-0.005
0.6179
0.08900000000000001
0.005
-0.005
-0.005
0.9503
0.9303
0.8911
0.9207
0.9095
0.8645999999999999
0.7535999999999999
0.7918999999999999
0.4385
0.09759999999999999
0.0201
0.011
0.0418
0.0405
0.0322
0.4845
0.3425
0.19619999999999999
0.3057
0.37729999999999997
0.40559999999999996
0.4661
0.5805
1.0463
3.3922
3.9236
3.8239
3.6507
3.3354999999999997
0.49829999999999997
0.30469999999999997
0.2578
0.1111
0.0341
0.030299999999999997
0.0070999999999999995
0.0287
0.023500000000000004
0.0318
0.017899999999999996
0.0342
0.13369999999999999
0.2187
2.2861
0.854
0.7403000000000001
1.0577999999999999
1.2221000000000002
0.0731
0.06589999999999999
0.0667
0.0657
0.054900000000000004
0.04
0.038599999999999995
0.0365
0.031
0.04120000000000001
0.031900000000000005
0.0323
0.0378
0.015700000000000002
0.018199999999999997
0.0236
0.129
0.0437
0.047099999999999996
0.049800000000000004
0.0887
0.1068
0.1003
0.0873
0.1267
0.0149
-0.0015000000000000005
0.005699999999999999
0.015799999999999998
0.0226
0.0055000000000000005
0.023000000000000003
0.010199999999999997
0.0375
0.0179
0.0285
0.024000000000000004
0.0265
0.016999999999999998
0.0456
0.097
0.0704
0.037700000000000004
0.052399999999999995
0.0497
0.0443
0.033
0.039
1.053
1.0295999999999998
0.9925
0.9746
0.9753
1.1660999999999997
2.7030000000000003
-0.005
0.1757
0.06020000000000001
0.0434
0.0126
0.031900000000000005
0.0494
0.22460000000000002
0.2962
0.2763
0.5273
0.7036
0.6665
0.3609
0.2606
0.1768
0.1832
0.5084000000000001
0.7921
3.2245
2.5622000000000003
0.2521
0.3096
0.2869
0.2996
0.1669
0.3601
1.0664000000000002
0.9391999999999999
0.8774000000000001
0.4367
0.2642
0.2637
0.2597
0.27059999999999995
0.3215
0.3735
0.4243
0.35550000000000004
0.29000000000000004
0.2547
0.9222
0.6403
0.5079
0.45599999999999996
0.43989999999999996
0.427
0.406
0.433
0.44889999999999997
0.3513
0.2989
0.2927
0.2683
0.24880000000000002
0.2469
0.26980000000000004
0.35240000000000005
1.509
1.6912
2.0068
2.0717
1.7316000000000003
1.2785
2.8102
0.7958999999999999
0.8221999999999999
0.7949
0.8019
0.7641
0.7589
0.6892999999999999
0.6742
2.7268
0.3347
0.27290000000000003
0.38380000000000003
0.3388
1.0663
0.4979
0.2233
0.8092
0.626
0.24930000000000002
0.3331
0.4407
0.5415
0.8765999999999999
0.5953
2.0694000000000004
3.7403000000000004
3.7410000000000005
2.4376
-0.005
-0.0022
0.028399999999999998
-0.005
0.013999999999999999
0.0072
0.005
0.1066
0.0975
0.1287
0.1252
0.0925
0.0342
0.0461
0.051399999999999994
0.041800000000000004
0.0064
0.005
0.005
-0.005
0.08310000000000001
0.06589999999999999
0.0767
0.0657
0.054900000000000004
0.04
0.038599999999999995
0.0265
0.020999999999999998
0.0512
0.0419
0.0423
0.0378
0.015700000000000002
0.018199999999999997
0.013599999999999998
0.129
0.0437
0.0371
0.049800000000000004
0.09870000000000001
0.1068
0.1003
0.0873
0.1267
0.024900000000000002
0.0085
0.0157
0.0258
0.012599999999999997
0.0155
0.013000000000000001
0.010199999999999997
0.0375
0.0279
0.0185
0.024000000000000004
0.0265
0.027
0.0456
0.087
0.0704
0.0477
0.052399999999999995
0.059699999999999996
0.034300000000000004
0.043
0.029
1.0430000000000001
1.0295999999999998
0.9825
0.9746
0.9753
1.1660999999999997
2.6930000000000005
-0.005
0.1657
0.06020000000000001
0.0434
0.0026
0.031900000000000005
0.0494
0.2146
0.2962
0.2763
0.5173
0.6936
0.6565
0.3609
0.2506
0.1668
0.1732
0.5084000000000001
0.7921
3.2145
2.5722
0.2521
0.2996
0.2969
0.28959999999999997
0.1769
0.3701
1.0664000000000002
0.9291999999999999
0.8774000000000001
0.42669999999999997
0.2742
0.2737
0.2597
0.27059999999999995
0.3215
0.3735
0.4143
0.35550000000000004
0.29000000000000004
0.2547
0.9322
0.6303
0.5079
0.46599999999999997
0.42989999999999995
0.427
0.396
0.443
0.4589
0.3413
0.2989
0.2827
0.2683
0.2388
0.2569
0.26980000000000004
0.35240000000000005
1.499
1.6912
2.0068
2.0717
1.7416
1.2685000000000002
2.8002000000000002
0.7858999999999999
0.8321999999999999
0.8049000000000001
0.8019
0.7641
0.7589
0.6892999999999999
0.6742
2.7268
0.3447
0.27290000000000003
0.38380000000000003
0.3388
1.0762999999999998
0.4879
0.2333
0.8092
0.636
0.2393
0.3231
0.43069999999999997
0.5515
0.8665999999999999
0.5953
2.0694000000000004
3.7503
3.7410000000000005
2.4476
-0.005
-0.0022
0.0384
-0.005
0.013999999999999999
0.0072
0.005
0.1066
0.10750000000000001
0.1287
0.1152
0.10250000000000001
0.0242
0.0461
0.051399999999999994
0.041800000000000004
-0.0036
0.005
0.005
-0.005
0.08310000000000001
0.0759
0.0767
0.0757
0.054900000000000004
0.04
0.038599999999999995
0.0365
0.020999999999999998
0.04120000000000001
0.0419
0.0323
0.0378
0.025700000000000004
0.018199999999999997
0.0236
0.129
0.0437
0.047099999999999996
0.0598
0.0887
0.1068
0.11030000000000001
0.0873
0.1167
0.0149
-0.0015000000000000005
0.0157
0.0258
0.012599999999999997
0.0155
0.023000000000000003
0.0202
0.0275
0.0279
0.0185
0.024000000000000004
0.016499999999999997
0.016999999999999998
0.0556
0.097
0.0704
0.0477
0.0424
0.059699999999999996
0.034300000000000004
0.043
0.029
1.0430000000000001
1.0295999999999998
0.9925
0.9746
0.9753
1.1561
2.6930000000000005
-0.005
0.1757
0.07020000000000001
0.0434
0.0026
0.0419
0.0494
0.22460000000000002
0.2862
0.2763
0.5173
0.6936
0.6565
0.3709
0.2506
0.1668
0.1832
0.5084000000000001
0.7821
3.2145
2.5622000000000003
0.2521
0.2996
0.2969
0.2996
0.1769
0.3701
1.0764
0.9391999999999999
0.8874000000000001
0.42669999999999997
0.2742
0.2737
0.2597
0.27059999999999995
0.3215
0.3635
0.4243
0.35550000000000004
0.29000000000000004
0.2647
0.9222
0.6403
0.5179
0.46599999999999997
0.43989999999999996
0.427
0.406
0.433
0.4589
0.3413
0.2989
0.2827
0.2583
0.2388
0.2469
0.27980000000000005
0.35240000000000005
1.499
1.6912
2.0168
2.0717
1.7416
1.2685000000000002
2.8002000000000002
0.7958999999999999
0.8221999999999999
0.7949
0.8019
0.7741
0.7589
0.6892999999999999
0.6842
2.7268
0.3347
0.27290000000000003
0.38380000000000003
0.3488
1.0762999999999998
0.4979
0.2333
0.8092
0.636
0.24930000000000002
0.3231
0.4407
0.5515
0.8765999999999999
0.5953
2.0794
3.7503
3.7410000000000005
2.4376
0.005
-0.0022
0.0384
-0.005
0.013999999999999999
-0.0028
-0.005
0.1066
0.0975
0.1287
0.1252
0.0925
0.0242
0.0461
0.0414
0.041800000000000004
0.0064
-0.005
0.005
-0.005
0.08310000000000001
0.06589999999999999
0.0767
0.0657
0.0649
0.04
0.028599999999999997
0.0265
0.031
0.0512
0.0419
0.0323
0.0378
0.025700000000000004
0.0282
0.0236
0.119
0.0437
0.0371
0.049800000000000004
0.09870000000000001
0.11680000000000001
0.11030000000000001
0.0873
0.1267
0.024900000000000002
0.0085
0.0157
0.0258
0.0226
0.0055000000000000005
0.023000000000000003
0.010199999999999997
0.0275
0.0279
0.0285
0.024000000000000004
0.016499999999999997
0.016999999999999998
0.0556
0.087
0.0604
0.0477
0.052399999999999995
0.059699999999999996
0.0443
0.043
0.039
1.053
1.0196
0.9925
0.9746
0.9652999999999999
1.1561
2.7030000000000003
0.005
0.1657
0.06020000000000001
0.033400000000000006
0.0026
0.0419
0.0494
0.22460000000000002
0.2862
0.2663
0.5273
0.7036
0.6665
0.3609
0.2506
0.1768
0.1832
0.5084000000000001
0.7821
3.2145
2.5722
0.2521
0.2996
0.2869
0.28959999999999997
0.1669
0.3701
1.0664000000000002
0.9291999999999999
0.8874000000000001
0.42669999999999997
0.2742
0.2637
0.24969999999999998
0.28059999999999996
0.3215
0.3735
0.4143
0.35550000000000004
0.30000000000000004
0.2547
0.9322
0.6403
0.5079
0.45599999999999996
0.43989999999999996
0.427
0.396
0.443
0.4589
0.3513
0.2989
0.2927
0.2683
0.2388
0.2569
0.27980000000000005
0.35240000000000005
1.499
1.7011999999999998
2.0168
2.0617
1.7316000000000003
1.2685000000000002
2.8002000000000002
0.7958999999999999
0.8221999999999999
0.8049000000000001
0.8019
0.7741
0.7689
0.6792999999999999
0.6842
2.7268
0.3447
0.2629
0.3738
0.3488
1.0762999999999998
0.4879
0.2333
0.7992
0.636
0.24930000000000002
0.3231
0.4407
0.5515
0.8765999999999999
0.5953
2.0794
3.7503
3.7410000000000005
2.4376
-0.005
0.0078
0.0384
-0.005
0.013999999999999999
-0.0028
0.005
0.09659999999999999
0.0975
0.1287
0.1252
0.0925
0.0342
0.0561
0.051399999999999994
0.041800000000000004
-0.0036
-0.005
0.005
0.005
0.0731
0.06589999999999999
0.0667
0.0757
0.054900000000000004
0.030000000000000002
0.028599999999999997
0.0365
0.031
0.0512
0.0419
0.0423
0.027800000000000002
0.025700000000000004
0.018199999999999997
0.0236
0.129
0.0537
0.0371
0.0598
0.0887
0.11680000000000001
0.11030000000000001
0.0773
0.1167
0.0149
-0.0015000000000000005
0.0157
0.015799999999999998
0.012599999999999997
0.0155
0.013000000000000001
0.0202
0.0375
0.0179
0.0285
0.014000000000000002
0.0265
0.016999999999999998
0.0456
0.097
0.0604
0.037700000000000004
0.0424
0.0497
0.034300000000000004
0.033
0.039
1.053
1.0295999999999998
0.9925
0.9746
0.9652999999999999
1.1561
2.6930000000000005
0.005
0.1657
0.06020000000000001
0.0434
0.0126
0.031900000000000005
0.0494
0.2146
0.2862
0.2663
0.5173
0.7036
0.6665
0.3709
0.2606
0.1668
0.1832
0.8688
0.8931
0.8678
0.9045
0.26999999999999996
0.0672
0.0629
0.06170000000000001
0.07390000000000001
0.07120000000000001
0.07239999999999999
0.19290000000000002
0.7268
0.1528
0.0822
0.129
0.4039
2.298
1.2704
0.8543
0.7001000000000001
0.6395000000000001
0.5603
1.0991
0.11710000000000001
0.155
0.1625
0.1799
0.15739999999999998
0.1909
0.3456
0.4659
0.154
-0.005
2.9052
0.2158
0.2689
1.3954999999999997
0.4112
0.1885
0.1655
1.5908
0.7846
0.15610000000000002
0.016
-0.005
0.005
-0.005
0.122
0.1087
0.1064
0.1163
0.1222
0.1189
0.1891
0.1909
0.0154
0.0251
0.016
0.023200000000000002
0.016499999999999997
0.0255
0.0382
0.03440000000000001
0.0852
0.0664
0.06520000000000001
0.0615
0.0456
0.0761
0.1696
0.1951
0.0565
0.12359999999999999
0.0094
1.6828000000000003
0.0275
0.0234
0.05580000000000001
0.10980000000000001
0.0298
0.0002999999999999999
0.005
0.0085
0.011099999999999999
0.0322
0.027000000000000003
0.2781
0.0185
0.0561
0.0535
0.0617
0.0032000000000000006
0.005
0.005
-0.005
0.4353
0.2108
1.0213999999999999
2.1855
0.523
0.21200000000000002
0.1071
0.0945
0.12159999999999999
0.1138
0.3826
0.09029999999999999
0.0888
0.1099
0.1571
0.08700000000000001
0.0241
-0.0005000000000000004
0.005
0.0485
0.061599999999999995
0.0789
0.06170000000000001
0.1056
0.1227
0.2079
0.202
0.1718
0.06409999999999999
0.0508
0.036300000000000006
0.0304
0.0342
0.026299999999999994
0.0235
0.0222
0.0336
0.0197
0.0227
0.0315
0.027600000000000003
0.022299999999999997
0.027
0.028799999999999996
0.027399999999999997
0.029599999999999998
0.054099999999999995
0.6416
1.3859000000000001
1.2858999999999998
1.3637000000000001
1.6701000000000001
1.7299000000000002
2.2972
2.7211
-0.005
0.0534
0.0351
0.0324
0.0392
0.0365
0.0409
0.0159
0.0684
0.2992
0.6572
0.008299999999999998
0.0207
0.0487
0.0575
0.0462
0.3658
0.8688
0.8831
0.8578
0.9045
0.27999999999999997
0.0672
0.0529
0.07170000000000001
0.0639
0.06120000000000001
0.0824
0.19290000000000002
0.7268
0.14279999999999998
0.0922
0.139
0.4039
2.298
1.2803999999999998
0.8543
0.7001000000000001
0.6395000000000001
0.5603
1.0991
0.1071
0.155
0.1525
0.1699
0.14739999999999998
0.2009
0.3556
0.4659
0.154
0.005
2.8952
0.2158
0.2789
1.3855
0.4112
0.1885
0.1655
1.5908
0.7946
0.15610000000000002
0.016
0.005
-0.005
-0.005
0.122
0.0987
0.09639999999999999
0.1263
0.1222
0.12890000000000001
0.1891
0.1909
0.005399999999999999
0.0251
0.026000000000000002
0.0132
0.0265
0.015499999999999996
0.0382
0.03440000000000001
0.0852
0.0564
0.055200000000000006
0.051500000000000004
0.0556
0.08610000000000001
0.1596
0.1951
0.0665
0.12359999999999999
-0.0005999999999999998
1.6828000000000003
0.017499999999999998
0.013399999999999999
0.06580000000000001
0.0998
0.0298
0.0002999999999999999
0.005
0.0085
0.0211
0.0322
0.017
0.2681
0.0185
0.0561
0.0635
0.0617
0.0132
-0.005
0.005
0.005
0.4353
0.2108
1.0114
2.1855
0.533
0.21200000000000002
0.09709999999999999
0.10450000000000001
0.1316
0.12380000000000001
0.3826
0.09029999999999999
0.0788
0.1199
0.1571
0.08700000000000001
0.0241
0.0095
0.005
0.038500000000000006
0.061599999999999995
0.06889999999999999
0.06170000000000001
0.1056
0.1227
0.2079
0.21200000000000002
0.1718
0.0741
0.0508
0.0463
0.020399999999999998
0.0242
0.03629999999999999
0.0335
0.0322
0.0336
0.0297
0.0327
0.021500000000000002
0.027600000000000003
0.032299999999999995
0.016999999999999998
0.038799999999999994
0.027399999999999997
0.039599999999999996
0.054099999999999995
0.6516
1.3959
1.2858999999999998
1.3637000000000001
1.6801
1.7399
2.3072
2.7111
-0.005
0.0534
0.0251
0.0224
0.0392
0.0265
0.050899999999999994
0.0159
0.0684
0.2992
0.6572
0.008299999999999998
0.0207
0.0487
0.0675
0.0462
0.3658
0.8688
0.8931
0.8678
0.9045
0.27999999999999997
0.0672
0.0529
0.06170000000000001
0.0639
0.07120000000000001
0.0824
0.19290000000000002
0.7368
0.14279999999999998
0.0922
0.139
0.4039
2.298
1.2704
0.8643
0.7001000000000001
0.6495000000000001
0.5503
1.0991
0.11710000000000001
0.165
0.1625
0.1699
0.15739999999999998
0.2009
0.3456
0.4759
0.164
0.005
2.9052
0.20579999999999998
0.2789
1.3954999999999997
0.4212
0.1885
0.1655
1.5808000000000002
0.7946
0.15610000000000002
0.016
0.005
0.005
-0.005
0.11199999999999999
0.0987
0.09639999999999999
0.1263
0.1222
0.12890000000000001
0.1891
0.2009
0.0154
0.0251
0.016
0.0132
0.016499999999999997
0.015499999999999996
0.0282
0.0444
0.07519999999999999
0.0564
0.06520000000000001
0.0615
0.0456
0.08610000000000001
0.1596
0.1851
0.0565
0.1336
-0.0005999999999999998
1.6828000000000003
0.017499999999999998
0.0234
0.06580000000000001
0.0998
0.019799999999999998
0.0103
0.005
0.0085
0.011099999999999999
0.0322
0.027000000000000003
0.2681
0.0085
0.0561
0.0635
0.0617
0.0132
-0.005
0.005
0.005
0.4353
0.2108
1.0114
2.1855
0.533
0.22200000000000003
0.09709999999999999
0.10450000000000001
0.12159999999999999
0.12380000000000001
0.3726
0.09029999999999999
0.0888
0.1099
0.1571
0.08700000000000001
0.0241
-0.0005000000000000004
-0.005
0.038500000000000006
0.061599999999999995
0.0789
0.06170000000000001
0.1056
0.1327
0.2079
0.21200000000000002
0.1618
0.06409999999999999
0.0508
0.036300000000000006
0.020399999999999998
0.0342
0.03629999999999999
0.0235
0.0322
0.0236
0.0197
0.0327
0.021500000000000002
0.0176
0.022299999999999997
0.027
0.028799999999999996
0.037399999999999996
0.039599999999999996
0.054099999999999995
0.6416
1.3859000000000001
1.2759
1.3637000000000001
1.6701000000000001
1.7299000000000002
2.2972
2.7111
-0.005
0.0634
0.0251
0.0224
0.0392
0.0265
0.050899999999999994
0.0159
0.07840000000000001
0.2992
0.6472
0.008299999999999998
0.010699999999999998
0.038700000000000005
0.0575
0.0462
0.3658
0.8588
0.8931
0.8678
0.9145
0.27999999999999997
0.0772
0.0629
0.06170000000000001
0.07390000000000001
0.07120000000000001
0.07239999999999999
0.20290000000000002
0.7268
0.14279999999999998
0.0822
0.129
0.4039
2.2880000000000003
1.2803999999999998
0.8543
0.7101000000000001
0.6495000000000001
0.5503
1.0891000000000002
0.11710000000000001
0.155
0.1525
0.1799
0.15739999999999998
0.1909
0.3556
0.4659
0.164
0.005
2.8952
0.2158
0.2689
1.3954999999999997
0.4212
0.1785
0.1555
1.5808000000000002
0.7846
0.1461
0.005999999999999999
-0.005
0.005
-0.005
0.11199999999999999
0.0987
0.1064
0.1163
0.1222
0.1189
0.1891
0.2009
0.0154
0.0251
0.016
0.023200000000000002
0.016499999999999997
0.0255
0.0282
0.03440000000000001
0.0852
0.0564
0.06520000000000001
0.051500000000000004
0.0556
0.0761
0.1596
0.1851
0.0665
0.12359999999999999
0.0094
1.6928
0.017499999999999998
0.0234
0.05580000000000001
0.10980000000000001
0.0298
0.0103
-0.005
0.0085
0.011099999999999999
0.0322
0.027000000000000003
0.2781
0.0185
0.0461
0.0535
0.0517
0.0132
0.005
-0.005
0.005
0.4353
0.2108
1.0114
2.1855
0.533
0.21200000000000002
0.1071
0.10450000000000001
0.12159999999999999
0.12380000000000001
0.3726
0.09029999999999999
0.0788
0.1099
0.1671
0.08700000000000001
0.0341
0.0095
0.005
0.0485
0.061599999999999995
0.06889999999999999
0.07170000000000001
0.1056
0.1327
0.2079
0.202
0.1718
0.0741
0.0408
0.0463
0.0304
0.0342
0.026299999999999994
0.0335
0.0322
0.0336
0.0297
0.0227
0.0315
0.027600000000000003
0.032299999999999995
0.016999999999999998
0.038799999999999994
0.027399999999999997
0.029599999999999998
0.054099999999999995
0.6516
1.3859000000000001
1.2858999999999998
1.3737
1.6801
1.7299000000000002
2.2972
2.7111
-0.005
0.0634
0.0251
0.0324
0.0392
0.0365
0.0409
0.0059
0.07840000000000001
0.2992
0.6472
0.008299999999999998
0.0207
0.0487
0.0675
0.05619999999999999
0.3558
0.8688
0.8931
0.8578
0.9145
0.27999999999999997
0.0772
0.0529
0.06170000000000001
0.07390000000000001
0.06120000000000001
0.07239999999999999
0.19290000000000002
0.7268
0.1528
0.0922
0.129
0.4039
2.2880000000000003
1.2803999999999998
0.8643
0.7101000000000001
0.6395000000000001
0.5503
1.0991
0.1071
0.155
0.1525
0.1699
0.14739999999999998
0.1909
0.3456
0.4759
0.154
0.005
2.8952
0.20579999999999998
0.2789
1.3855
0.4112
0.1785
0.1655
1.5908
0.7946
0.15610000000000002
0.005999999999999999
-0.005
-0.005
0.005
0.7226
0.7898
0.7952
1.0377999999999998
1.0701
1.2729
1.7530000000000001
-0.005
0.0376
0.013099999999999997
0.027200000000000002
0.0302
0.027700000000000002
0.036800000000000006
0.019
0.040999999999999995
0.005
1.0773000000000001
0.013500000000000002
0.0007999999999999995
0.023899999999999998
0.050300000000000004
-0.005
0.1378
0.1354
0.139
0.1358
0.1264
0.1353
0.1331
0.12129999999999999
0.1181
0.1503
0.1499
0.1149
0.111
0.1149
0.11370000000000001
0.1109
0.1186
0.1217
0.1446
0.1394
0.1399
0.1304
0.1462
0.1748
0.1656
0.7753
2.326
3.2142999999999997
0.961
0.6279
0.4716
0.4765
0.4723
0.5749000000000001
0.6184
0.5939
0.5249
0.4465
0.4179
0.4194
0.5182
0.5015
0.447
0.46199999999999997
0.42169999999999996
0.473
0.5367000000000001
0.8472
1.0323999999999998
0.0786
0.0766
0.0864
0.0882
0.0887
0.06739999999999999
0.0512
0.0834
0.0692
0.06520000000000001
0.0531
0.0385
0.041
0.038900000000000004
0.052899999999999996
0.042600000000000006
0.054
0.041800000000000004
0.0559
0.06659999999999999
0.0688
0.08220000000000001
0.0966
0.1021
0.1644
0.1243
0.1288
0.1212
0.1396
0.1568
0.22560000000000002
0.2121
0.4293
0.5578
1.0495
2.0517
0.6973
0.36629999999999996
0.358
0.3988
0.6024999999999999
0.5720999999999999
0.8532
2.9118000000000004
5.406499999999999
7.3792
3.0949
0.8613
0.2098
0.2375
0.2404
0.2256
0.2248
0.3038
0.19340000000000002
0.13440000000000002
0.1083
0.1217
0.067
0.0915
0.05720000000000001
0.1182
0.6589
0.042100000000000005
0.057199999999999994
0.056600000000000004
0.0622
0.1248
0.2021
0.2408
0.256
2.0583
1.9774999999999998
2.7071
2.5821000000000005
2.5756
1.6295
0.29300000000000004
0.8533000000000001
0.0275
0.0286
0.0303
0.0268
0.0282
0.040299999999999996
0.0205
0.023999999999999997
0.0399
0.4069
0.2489
0.16560000000000002
0.2934
0.2604
0.1397
0.0938
0.1024
0.7326
0.7797999999999999
0.7952
1.0278
1.0601000000000003
1.2729
1.763
0.005
0.0376
0.013099999999999997
0.0172
0.0202
0.0177
0.036800000000000006
0.019
0.040999999999999995
0.005
1.0773000000000001
0.0035000000000000005
0.0108
0.023899999999999998
0.0603
0.005
0.1278
0.1454
0.129
0.1258
0.13640000000000002
0.1253
0.1331
0.12129999999999999
0.1281
0.1503
0.1499
0.1149
0.111
0.1149
0.11370000000000001
0.1109
0.1186
0.1217
0.1346
0.1394
0.1499
0.1404
0.1462
0.1748
0.1656
0.7653
2.326
3.2043
0.951
0.6379
0.4716
0.4765
0.4723
0.5749000000000001
0.6083999999999999
0.5939
0.5249
0.4565
0.4179
0.4094
0.5182
0.5015
0.457
0.46199999999999997
0.42169999999999996
0.473
0.5367000000000001
0.8572
1.0323999999999998
0.08860000000000001
0.0766
0.0864
0.0882
0.07869999999999999
0.06739999999999999
0.0512
0.07339999999999999
0.0692
0.06520000000000001
0.043100000000000006
0.0385
0.041
0.0489
0.052899999999999996
0.0526
0.044000000000000004
0.041800000000000004
0.0559
0.06659999999999999
0.0688
0.08220000000000001
0.0966
0.1021
0.1644
0.1243
0.1288
0.1212
0.1396
0.1568
0.2156
0.22210000000000002
0.4293
0.5578
1.0495
2.0417
0.7073
0.35629999999999995
0.348
0.3988
0.6024999999999999
0.5620999999999999
0.8432
2.9218
5.3965
7.3792
3.1048999999999998
0.8513
0.2198
0.2375
0.2304
0.2256
0.2148
0.2938
0.20340000000000003
0.12440000000000001
0.1183
0.1317
0.067
0.0915
0.06720000000000001
0.1282
0.6489
0.042100000000000005
0.0472
0.0666
0.0622
0.1348
0.2121
0.2408
0.256
2.0583
1.9774999999999998
2.7171
2.5821000000000005
2.5856
1.6295
0.29300000000000004
0.8433
0.0275
0.0286
0.0303
0.0268
0.0282
0.040299999999999996
0.0205
0.023999999999999997
0.0399
0.4069
0.2489
0.16560000000000002
0.3034
0.2604
0.1397
0.0938
0.0924
0.7326
0.7898
0.7852
1.0377999999999998
1.0601000000000003
1.2729
1.763
0.005
0.0376
0.013099999999999997
0.027200000000000002
0.0202
0.0177
0.0468
0.019
0.030999999999999996
0.005
1.0773000000000001
0.013500000000000002
0.0007999999999999995
0.0339
0.050300000000000004
-0.005
0.1278
0.1354
0.129
0.1258
0.13640000000000002
0.1353
0.1331
0.11129999999999998
0.1181
0.1503
0.1499
0.12490000000000001
0.10099999999999999
0.1049
0.11370000000000001
0.1109
0.1286
0.1117
0.1446
0.1494
0.1499
0.1404
0.1462
0.1648
0.1656
0.7653
2.336
3.2142999999999997
0.951
0.6279
0.48160000000000003
0.4865
0.4723
0.5649000000000001
0.6083999999999999
0.6039
0.5349
0.4565
0.4179
0.4194
0.5182
0.5115
0.457
0.45199999999999996
0.41169999999999995
0.473
0.5367000000000001
0.8472
1.0323999999999998
0.0786
0.0766
0.0864
0.07819999999999999
0.0887
0.06739999999999999
0.0612
0.0834
0.0792
0.06520000000000001
0.0531
0.0385
0.041
0.038900000000000004
0.0429
0.042600000000000006
0.044000000000000004
0.0518
0.0559
0.06659999999999999
0.0688
0.08220000000000001
0.0866
0.1021
0.1644
0.11429999999999998
0.1188
0.1212
0.1496
0.1568
0.22560000000000002
0.22210000000000002
0.4293
0.5578
1.0594999999999999
2.0417
0.6973
0.36629999999999996
0.358
0.3988
0.6124999999999999
0.5720999999999999
0.8432
2.9218
5.406499999999999
7.3792
3.0949
0.8513
0.2098
0.2375
0.2404
0.2356
0.2248
0.2938
0.19340000000000002
0.12440000000000001
0.1183
0.1317
0.067
0.08149999999999999
0.06720000000000001
0.1282
0.6489
0.042100000000000005
0.0472
0.0666
0.0622
0.1348
0.2021
0.2408
0.256
2.0583
1.9675
2.7171
2.5921000000000003
2.5756
1.6295
0.28300000000000003
0.8433
0.0375
0.0286
0.0203
0.0368
0.0282
0.030299999999999997
0.0205
0.033999999999999996
0.0399
0.4069
0.2489
0.15560000000000002
0.2934
0.2604
0.1397
0.1038
0.0924
0.7326
0.7797999999999999
0.7952
1.0278
1.0601000000000003
1.2729
1.763
0.005
0.0376
0.013099999999999997
0.0172
0.0202
0.0177
0.036800000000000006
0.029
0.040999999999999995
0.005
1.0873
0.0035000000000000005
0.0108
0.023899999999999998
0.0603
-0.005
0.1278
0.1454
0.139
0.1258
0.1264
0.1253
0.12309999999999999
0.12129999999999999
0.1181
0.1603
0.1399
0.12490000000000001
0.111
0.1049
0.11370000000000001
0.12090000000000001
0.1186
0.1117
0.1346
0.1394
0.1399
0.1304
0.1462
0.1748
0.1656
0.7653
2.326
3.2043
0.951
0.6379
0.4716
0.4765
0.4623
0.5649000000000001
0.6083999999999999
0.5939
0.5349
0.4465
0.4079
0.4194
0.5182
0.5115
0.447
0.46199999999999997
0.41169999999999995
0.46299999999999997
0.5367000000000001
0.8572
1.0224
0.08860000000000001
0.08660000000000001
0.0764
0.0882
0.07869999999999999
0.0774
0.0512
0.07339999999999999
0.0692
0.055200000000000006
0.043100000000000006
0.0385
0.041
0.0489
0.052899999999999996
0.042600000000000006
0.054
0.0518
0.0459
0.0766
0.07880000000000001
0.08220000000000001
0.0966
0.1021
0.1644
0.1243
0.1188
0.1212
0.1396
0.1668
0.22560000000000002
0.22210000000000002
0.4293
0.5578
1.0594999999999999
2.0517
0.7073
0.35629999999999995
0.358
0.3988
0.6124999999999999
0.5620999999999999
0.8432
2.9118000000000004
5.3965
7.3692
3.1048999999999998
0.8513
0.2098
0.2375
0.2404
0.2256
0.2248
0.2938
0.20340000000000003
0.13440000000000002
0.1183
0.1217
0.07700000000000001
0.08149999999999999
0.05720000000000001
0.1282
0.6589
0.042100000000000005
0.0472
0.056600000000000004
0.0722
0.1248
0.2121
0.25079999999999997
0.266
2.0583
1.9774999999999998
2.7171
2.5821000000000005
2.5856
1.6195000000000002
0.29300000000000004
0.8433
0.0375
0.0186
0.0203
0.0368
0.0382
0.030299999999999997
0.030500000000000003
0.033999999999999996
0.0399
0.4169
0.2489
0.15560000000000002
0.3034
0.2604
0.1397
0.0938
0.1024
0.7326
0.7898
0.7952
1.0278
1.0601000000000003
1.2729
1.763
-0.005
0.0376
0.013099999999999997
0.0172
0.0302
0.027700000000000002
0.036800000000000006
0.019
0.040999999999999995
-0.005
1.0873
0.0035000000000000005
0.0007999999999999995
0.023899999999999998
0.050300000000000004
-0.005
0.1278
0.1454
0.139
0.1258
0.1264
0.1253
0.1331
0.12129999999999999
0.1281
0.1603
0.1499
0.1149
0.111
0.1149
0.11370000000000001
0.12090000000000001
0.1186
0.1217
0.1346
0.1494
0.1499
0.1304
0.1362
0.1648
0.1756
0.7753
2.336
3.2142999999999997
0.961
0.6379
0.4716
0.4765
0.4723
0.5649000000000001
0.6083999999999999
0.6039
0.5349
0.4565
0.4079
0.4094
0.5182
0.5015
0.457
0.46199999999999997
0.41169999999999995
0.473
0.5367000000000001
0.8572
1.0323999999999998
0.0506
0.044700000000000004
0.04750000000000001
0.057100000000000005
0.0857
0.0877
0.1652
0.3711
0.5095999999999999
0.6466999999999999
0.9307
1.0402
0.506
1.1655000000000002
0.31849999999999995
-0.005
-0.005
0.2088
0.0708
0.09200000000000001
0.1922
0.2394
0.4043
0.08950000000000001
0.005
-0.005
0.4382
1.4485
0.4857
0.018
0.0033
0.024200000000000003
0.0381
0.023200000000000002
0.0387
0.0232
0.0311
0.0314
0.008799999999999999
0.0219
0.004599999999999999
0.41559999999999997
0.0224
0.0384
0.0275
0.0118
0.0057
0.0182
0.38939999999999997
0.3852
0.35519999999999996
0.3571
0.348
0.41159999999999997
0.4825
0.42410000000000003
0.42579999999999996
0.3994
0.3667
0.33209999999999995
0.36660000000000004
0.381
0.4223
0.5766
0.5354
1.0581
0.7873
1.9311000000000003
2.0349999999999997
1.9485999999999999
0.8589000000000001
0.4808
1.5409
1.5036
1.5007000000000001
0.5803
0.24209999999999998
0.1768
0.1976
0.2701
0.2767
0.28290000000000004
0.3062
0.28690000000000004
0.2995
0.2977
0.2887
1.0326000000000002
0.37729999999999997
0.4114
0.4762
0.5267000000000001
1.6997
1.2570000000000001
0.9380000000000001
4.083
1.7644
0.0915
0.1005
0.0536
0.0306
0.0357
0.0395
0.0496
0.0503
0.048
0.050899999999999994
0.044000000000000004
0.042699999999999995
0.0265
0.032799999999999996
0.026799999999999994
0.033999999999999996
0.041600000000000005
0.0381
0.0374
0.0367
0.0366
0.0293
0.7809
3.7948000000000004
4.148000000000001
4.0847
1.172
0.5058
0.2389
0.1393
0.0862
0.09029999999999999
0.0739
0.06949999999999999
0.07250000000000001
0.0661
0.0527
0.050899999999999994
0.05039999999999999
0.0631
0.06359999999999999
0.185
0.09540000000000001
0.088
0.09609999999999999
0.2861
0.485
6.086799999999999
5.7418000000000005
4.4742
0.5307000000000001
0.0307
0.0092
0.0308
0.0693
0.0809
0.0618
0.0598
0.0317
0.0272
0.0351
0.043199999999999995
0.0053
1.2348
0.8688
0.6065999999999999
0.5733
0.6033000000000001
0.6963
0.9150999999999999
2.9125
0.0506
0.0547
0.04750000000000001
0.0671
0.09570000000000001
0.07769999999999999
0.1652
0.3811
0.5095999999999999
0.6466999999999999
0.9207
1.0501999999999998
0.506
1.1755
0.32849999999999996
-0.005
-0.005
0.21880000000000002
0.0708
0.09200000000000001
0.1922
0.2294
0.4143
0.0795
-0.005
0.005
0.4482
1.4385000000000001
0.49570000000000003
0.018
0.0133
0.0142
0.028100000000000003
0.0332
0.0387
0.0232
0.021099999999999997
0.0314
0.008799999999999999
0.0319
0.004599999999999999
0.41559999999999997
0.0324
0.0384
0.0275
0.0118
-0.0043
0.0182
0.3994
0.3752
0.35519999999999996
0.3571
0.348
0.41159999999999997
0.4925
0.43410000000000004
0.43579999999999997
0.4094
0.3667
0.34209999999999996
0.36660000000000004
0.381
0.4123
0.5666
0.5354
1.0481000000000003
0.7873
1.9311000000000003
2.025
1.9585999999999997
0.8589000000000001
0.4708
1.5309000000000001
1.5036
1.5107
0.5703
0.23209999999999997
0.18680000000000002
0.1976
0.2701
0.2867
0.29290000000000005
0.31620000000000004
0.27690000000000003
0.3095
0.2877
0.2887
1.0326000000000002
0.37729999999999997
0.4114
0.4662
0.5267000000000001
1.7096999999999998
1.2570000000000001
0.9380000000000001
4.073
1.7544000000000002
0.0915
0.1005
0.0536
0.0406
0.0457
0.0395
0.0496
0.0503
0.048
0.0409
0.054
0.042699999999999995
0.0365
0.032799999999999996
0.03679999999999999
0.023999999999999997
0.0516
0.0481
0.0374
0.0367
0.026600000000000002
0.019299999999999998
0.7909
3.7948000000000004
4.148000000000001
4.0947
1.172
0.4958
0.2389
0.1393
0.07619999999999999
0.08029999999999998
0.0839
0.06949999999999999
0.07250000000000001
0.0661
0.0427
0.0409
0.0404
0.0631
0.0736
0.175
0.09540000000000001
0.098
0.1061
0.2761
0.495
6.096799999999999
5.7518
4.4742
0.5307000000000001
0.0307
0.019200000000000002
0.0208
0.07930000000000001
0.09090000000000001
0.0718
0.049800000000000004
0.041699999999999994
0.0272
0.0251
0.0332
0.0053
1.2348
0.8688
0.6065999999999999
0.5633
0.6033000000000001
0.7063
0.9250999999999999
2.9125
0.0506
0.0547
0.04750000000000001
0.057100000000000005
0.0857
0.07769999999999999
0.1552
0.3811
0.5095999999999999
0.6466999999999999
0.9307
1.0501999999999998
0.496
1.1755
0.32849999999999996
-0.005
0.005
0.21880000000000002
0.0708
0.082
0.1822
0.2394
0.4043
0.0795
0.005
0.005
0.4482
1.4485
0.4857
0.018
0.0133
0.024200000000000003
0.0381
0.0332
0.0387
0.0332
0.0311
0.0314
0.0188
0.0319
0.014599999999999998
0.41559999999999997
0.0224
0.0384
0.017499999999999998
0.0118
0.0057
0.008199999999999999
0.3994
0.3852
0.36519999999999997
0.34709999999999996
0.358
0.41159999999999997
0.4925
0.42410000000000003
0.43579999999999997
0.3994
0.3567
0.33209999999999995
0.35660000000000003
0.371
0.4223
0.5766
0.5354
1.0481000000000003
0.7973
1.9411
2.0349999999999997
1.9485999999999999
0.8489000000000001
0.4708
1.5309000000000001
1.5036
1.5007000000000001
0.5803
0.23209999999999997
0.1768
0.2076
0.2601
0.2767
0.29290000000000005
0.31620000000000004
0.28690000000000004
0.3095
0.2977
0.2887
1.0426
0.3873
0.4014
0.4662
0.5267000000000001
1.7096999999999998
1.2570000000000001
0.9380000000000001
4.073
1.7644
0.0915
0.0905
0.0536
0.0306
0.0457
0.0395
0.0396
0.0503
0.057999999999999996
0.050899999999999994
0.044000000000000004
0.042699999999999995
0.0365
0.032799999999999996
0.026799999999999994
0.023999999999999997
0.0516
0.0481
0.0474
0.0467
0.0366
0.0293
0.7909
3.8048
4.158
4.0847
1.1620000000000001
0.4958
0.2489
0.1393
0.07619999999999999
0.08029999999999998
0.0739
0.06949999999999999
0.0625
0.0661
0.0527
0.0409
0.05039999999999999
0.0631
0.06359999999999999
0.185
0.09540000000000001
0.088
0.09609999999999999
0.2761
0.485
6.096799999999999
5.7418000000000005
4.4742
0.5407000000000001
0.0307
0.019200000000000002
0.0308
0.0693
0.0809
0.0718
0.0598
0.0317
0.0272
0.0351
0.043199999999999995
0.015300000000000001
1.2248
0.8588
0.6165999999999999
0.5733
0.6033000000000001
0.7063
0.9250999999999999
2.9125
0.0506
0.0547
0.04750000000000001
0.0671
0.0857
0.0877
0.1552
0.3711
0.5095999999999999
0.6366999999999999
0.9307
1.0402
0.496
1.1655000000000002
0.31849999999999995
-0.005
0.005
0.21880000000000002
0.08080000000000001
0.09200000000000001
0.1922
0.2394
0.4143
0.0795
-0.005
-0.005
0.4482
1.4385000000000001
0.49570000000000003
0.008
0.0033
0.024200000000000003
0.028100000000000003
0.023200000000000002
0.0387
0.0232
0.021099999999999997
0.0314
0.0188
0.0219
0.014599999999999998
0.40559999999999996
0.0324
0.0384
0.0275
0.0017999999999999995
0.0057
0.0182
0.3994
0.3752
0.35519999999999996
0.3571
0.358
0.40159999999999996
0.4825
0.43410000000000004
0.42579999999999996
0.4094
0.3667
0.34209999999999996
0.35660000000000003
0.381
0.4223
0.5666
0.5254
1.0581
0.7973
1.9311000000000003
2.0349999999999997
1.9585999999999997
0.8489000000000001
0.4708
1.5409
1.5135999999999998
1.5007000000000001
0.5703
0.23209999999999997
0.1768
0.1976
0.2701
0.2767
0.29290000000000005
0.31620000000000004
0.27690000000000003
0.2995
0.2977
0.2887
1.0426
0.3873
0.4114
0.4762
0.5167
1.6997
1.2570000000000001
0.9380000000000001
4.073
1.7544000000000002
0.1015
0.1005
0.0636
0.0306
0.0457
0.0395
0.0396
0.0403
0.048
0.050899999999999994
0.054
0.042699999999999995
0.0265
0.022799999999999997
0.026799999999999994
0.023999999999999997
0.041600000000000005
0.0381
0.0374
0.0467
0.026600000000000002
0.0293
0.7809
3.8048
4.148000000000001
4.0847
1.1620000000000001
0.4958
0.2489
0.1293
0.0862
0.08029999999999998
0.0839
0.0795
0.0625
0.0661
0.0427
0.0409
0.05039999999999999
0.0531
0.06359999999999999
0.185
0.09540000000000001
0.088
0.09609999999999999
0.2861
0.485
6.086799999999999
5.7518
4.4742
0.5307000000000001
0.0307
0.019200000000000002
0.0308
0.07930000000000001
0.0809
0.0618
0.0598
0.0317
0.0372
0.0251
0.0332
0.015300000000000001
1.2348
0.8588
0.6065999999999999
0.5733
0.6033000000000001
0.6963
0.9150999999999999
2.9225
0.0506
0.0547
0.04750000000000001
0.057100000000000005
0.09570000000000001
0.0877
0.1652
0.3711
0.5196
0.6466999999999999
0.9207
1.0402
0.496
1.1655000000000002
0.32849999999999996
0.005
0.005
0.21880000000000002
0.08080000000000001
0.082
0.1922
0.2294
0.4143
0.08950000000000001
0.005
0.005
0.4382
1.4485
0.49570000000000003
0.008
0.0133
0.024200000000000003
0.028100000000000003
0.0332
0.0387
0.0232
0.0311
0.0214
0.0188
0.0219
0.014599999999999998
0.40559999999999996
0.0324
0.028399999999999998
0.017499999999999998
0.0017999999999999995
-0.0043
0.008199999999999999
0.3994
0.3752
0.35519999999999996
0.3571
0.348
0.41159999999999997
0.4825
0.43410000000000004
0.43579999999999997
0.4094
0.3567
0.33209999999999995
0.36660000000000004
0.371
0.4123
0.5766
0.5354
1.0481000000000003
0.7873
1.9411
2.025
1.9585999999999997
0.8489000000000001
0.4808
0.4557
3.9021
3.4431000000000003
2.7175000000000002
1.5701999999999998
0.2521
1.3295000000000001
0.2548
0.2821
0.2792
0.2887
0.3087
0.3433
0.32320000000000004
0.3721
0.4446
0.3611
0.8024
0.6648000000000001
0.42569999999999997
0.264
0.1844
0.1526
0.129
0.8440000000000001
0.3296
0.30179999999999996
0.2708
0.23770000000000002
0.2066
0.23579999999999998
0.2315
0.5131
0.6702
0.68
0.3831
0.08979999999999999
0.1255
0.1735
0.1765
0.28990000000000005
0.3143
0.2534
0.1567
0.11800000000000001
0.0661
-0.0035
4.8119
0.15589999999999998
0.1507
0.15739999999999998
0.1481
0.1492
0.14689999999999998
0.1422
0.1518
0.1755
0.1288
0.11760000000000001
0.1071
0.11430000000000001
0.10949999999999999
0.12140000000000001
0.1356
0.14800000000000002
0.1389
0.14350000000000002
0.14579999999999999
0.14479999999999998
0.1548
0.193
0.1933
0.9126
0.13299999999999998
0.048600000000000004
0.0062
0.005
0.013999999999999999
0.0678
0.0416
-0.0025
-0.005
-0.005
0.005
0.0412
1.5931
1.0296
0.059899999999999995
-0.005
0.005
-0.005
0.5088
0.0337
-0.005
0.005
2.1749
0.2386
0.2288
0.2213
0.2195
0.20840000000000003
0.12940000000000002
0.0869
0.0779
0.23309999999999997
0.09839999999999999
0.0957
0.083
0.0713
0.0623
0.0686
0.08960000000000001
0.0965
0.1084
0.1275
0.2137
0.28180000000000005
0.2333
0.205
0.19879999999999998
2.4645
3.2112
3.0744999999999996
1.9634
0.5588
0.2459
0.1834
0.2781
0.6237
0.46709999999999996
0.22709999999999997
0.047
0.0167
-0.0023
0.005
-0.005
-0.005
0.005
0.5661
0.6903
0.3359
0.4325
0.8069000000000001
0.7976
0.0589
0.0699
0.057100000000000005
0.0729
0.0634
0.0872
0.196
0.1679
0.109
0.1693
0.1342
0.14700000000000002
0.135
0.1098
0.11049999999999999
0.1207
0.1112
0.1318
0.0698
0.0209
0.014699999999999998
-0.0035
0.032299999999999995
0.0497
0.4557
3.9021
3.4531
2.7075000000000005
1.5701999999999998
0.2521
1.3395
0.2548
0.2821
0.2792
0.2787
0.3187
0.3333
0.32320000000000004
0.3721
0.4546
0.3611
0.8024
0.6648000000000001
0.42569999999999997
0.264
0.1844
0.1526
0.129
0.8340000000000001
0.3196
0.31179999999999997
0.2708
0.24770000000000003
0.21660000000000001
0.2458
0.2315
0.5031
0.6702
0.68
0.3731
0.08979999999999999
0.1355
0.16349999999999998
0.1765
0.27990000000000004
0.3143
0.2534
0.16670000000000001
0.108
0.056100000000000004
-0.0035
4.8019
0.1659
0.1507
0.15739999999999998
0.15810000000000002
0.1592
0.14689999999999998
0.1422
0.14179999999999998
0.1755
0.1288
0.11760000000000001
0.1071
0.1043
0.10949999999999999
0.13140000000000002
0.1456
0.138
0.1289
0.1335
0.14579999999999999
0.1548
0.1648
0.193
0.1833
0.9126
0.13299999999999998
0.0586
0.0062
0.005
0.024
0.07780000000000001
0.0316
-0.0025
-0.005
0.005
0.005
0.0412
1.5931
1.0395999999999999
0.0499
-0.005
0.005
0.005
0.5088
0.0337
-0.005
-0.005
2.1849
0.2286
0.2388
0.2313
0.2295
0.19840000000000002
0.13940000000000002
0.09690000000000001
0.0879
0.23309999999999997
0.09839999999999999
0.0957
0.083
0.08130000000000001
0.0623
0.0786
0.08960000000000001
0.0965
0.1084
0.1175
0.2237
0.27180000000000004
0.24330000000000002
0.205
0.20879999999999999
2.4745
3.2211999999999996
3.0744999999999996
1.9634
0.5688
0.2459
0.1734
0.2781
0.6237
0.47709999999999997
0.23709999999999998
0.047
0.0267
-0.0023
-0.005
-0.005
0.005
-0.005
0.5561
0.6903
0.3359
0.4225
0.8069000000000001
0.7876
0.0689
0.0599
0.057100000000000005
0.0729
0.0734
0.07719999999999999
0.196
0.15789999999999998
0.11900000000000001
0.1693
0.1342
0.15700000000000003
0.135
0.1098
0.1205
0.1207
0.1212
0.1318
0.0598
0.0209
0.0247
0.006500000000000001
0.022299999999999997
0.039700000000000006
0.4557
3.9021
3.4431000000000003
2.7175000000000002
1.5602
0.2521
1.3295000000000001
0.26480000000000004
0.2821
0.2792
0.2887
0.3187
0.3333
0.32320000000000004
0.3721
0.4446
0.3711
0.8124
0.6548
0.42569999999999997
0.274
0.1844
0.1526
0.129
0.8440000000000001
0.3296
0.31179999999999997
0.2808
0.24770000000000003
0.2066
0.23579999999999998
0.2315
0.5031
0.6702
0.68
0.3731
0.0998
0.1255
0.16349999999999998
0.1865
0.28990000000000005
0.3043
0.2534
0.16670000000000001
0.108
0.0661
-0.0035
4.8119
0.1659
0.1607
0.14739999999999998
0.15810000000000002
0.1592
0.15689999999999998
0.13219999999999998
0.1518
0.16549999999999998
0.1288
0.1076
0.09709999999999999
0.11430000000000001
0.10949999999999999
0.12140000000000001
0.1356
0.14800000000000002
0.1389
0.1335
0.1558
0.1548
0.1548
0.193
0.1933
0.9126
0.13299999999999998
0.0586
-0.0038000000000000004
0.005
0.013999999999999999
0.0678
0.0316
-0.0025
-0.005
0.005
-0.005
0.0412
1.5931
1.0395999999999999
0.059899999999999995
-0.005
0.005
0.005
0.5088
0.0237
-0.005
0.005
2.1849
0.2386
0.2288
0.2213
0.2295
0.19840000000000002
0.13940000000000002
0.0869
0.0779
0.23309999999999997
0.09839999999999999
0.0957
0.073
0.08130000000000001
0.0723
0.0786
0.08960000000000001
0.0865
0.1084
0.1275
0.2137
0.28180000000000005
0.2333
0.205
0.20879999999999999
2.4745
3.2211999999999996
3.0645
1.9534000000000002
0.5588
0.2359
0.1734
0.2781
0.6137
0.47709999999999997
0.22709999999999997
0.037000000000000005
0.0167
0.0077
-0.005
0.005
0.005
-0.005
0.5561
0.6803
0.32589999999999997
0.4225
0.8069000000000001
0.7876
0.0589
0.0599
0.0671
0.0729
0.0634
0.0872
0.20600000000000002
0.1679
0.11900000000000001
0.17930000000000001
0.1342
0.15700000000000003
0.125
0.1098
0.1205
0.11069999999999999
0.1212
0.12179999999999999
0.0598
0.0209
0.014699999999999998
-0.0035
0.022299999999999997
0.039700000000000006
0.4557
3.9021
3.4531
2.7175000000000002
1.5701999999999998
0.2621
1.3295000000000001
0.2548
0.2921
0.2892
0.2887
0.3087
0.3333
0.32320000000000004
0.3621
0.4546
0.3711
0.8024
0.6648000000000001
0.42569999999999997
0.264
0.19440000000000002
0.1426
0.129
0.8440000000000001
0.3296
0.30179999999999996
0.2708
0.24770000000000003
0.21660000000000001
0.23579999999999998
0.2215
0.5131
0.6702
0.68
0.3731
0.0998
0.1255
0.1735
0.1865
0.27990000000000004
0.3143
0.2434
0.16670000000000001
0.108
0.056100000000000004
0.006500000000000001
4.8019
0.1659
0.1507
0.15739999999999998
0.1481
0.1592
0.15689999999999998
0.13219999999999998
0.14179999999999998
0.1755
0.1288
0.1076
0.09709999999999999
0.11430000000000001
0.1195
0.13140000000000002
0.1456
0.14800000000000002
0.1389
0.1335
0.14579999999999999
0.14479999999999998
0.1548
0.193
0.1933
0.9126
0.143
0.048600000000000004
-0.0038000000000000004
-0.005
0.013999999999999999
0.0678
0.0316
-0.0025
0.005
0.005
-0.005
0.0412
1.5831000000000002
1.0395999999999999
0.0499
0.005
-0.005
0.005
0.5188
0.0337
0.005
-0.005
2.1849
0.2286
0.2288
0.2313
0.2195
0.19840000000000002
0.12940000000000002
0.0869
0.0879
0.24309999999999998
0.09839999999999999
0.1057
0.073
0.08130000000000001
0.0723
0.0686
0.08960000000000001
0.0865
0.09839999999999999
0.1175
0.2137
0.28180000000000005
0.24330000000000002
0.215
0.20879999999999999
2.4745
3.2112
3.0645
1.9634
0.5588
0.2359
0.1834
0.2781
0.6137
0.47709999999999997
0.22709999999999997
0.047
0.0267
0.0077
-0.005
0.005
-0.005
0.005
0.5561
0.6803
0.3359
0.4225
0.8169000000000001
0.7976
0.0689
0.0699
0.0671
0.0629
0.0634
0.07719999999999999
0.20600000000000002
0.1679
0.11900000000000001
0.1693
0.1342
0.14700000000000002
0.135
0.1098
0.1205
0.1207
0.1212
0.1318
0.0598
0.0309
0.0247
0.006500000000000001
0.022299999999999997
0.0497
0.4457
3.9021
3.4431000000000003
2.7175000000000002
1.5602
0.2621
1.3295000000000001
0.26480000000000004
0.2921
0.2792
0.2787
0.3187
0.3333
0.31320000000000003
0.3621
0.4446
0.3711
0.8024
0.6648000000000001
0.42569999999999997
0.264
0.19440000000000002
0.1526
0.139
0.8440000000000001
0.3296
0.31179999999999997
0.2808
0.24770000000000003
0.2066
0.2458
0.2215
0.5031
0.6702
0.68
0.3731
0.0998
0.1255
0.16349999999999998
0.1865
0.27990000000000004
0.3043
0.2434
0.16670000000000001
0.108
0.056100000000000004
-0.0035
4.8019
0.8338
0.9534
0.9382
0.868
0.39580000000000004
0.35150000000000003
0.3089
0.7494
0.5236999999999999
0.1645
0.048299999999999996
0.041
0.041
0.049499999999999995
0.0496
0.1023
0.9806
1.0012
0.7119
0.6292000000000001
0.6006
0.5757
0.5493
1.6260999999999999
2.0385
6.1347
5.4672
1.0147000000000002
0.3138
0.1041
0.08180000000000001
0.08760000000000001
0.0687
0.07150000000000001
0.045200000000000004
0.0567
0.0827
0.1317
0.18309999999999998
0.3291
0.3225
0.8616
0.9801000000000001
0.8444
0.8153
0.8524
1.1401
1.2221000000000002
0.013500000000000002
0.0171
0.0174
0.012399999999999998
0.0377
0.014500000000000002
0.0299
0.012900000000000002
0.005
0.023
0.0381
0.0332
0.034
0.037099999999999994
0.0399
0.0198
0.0433
0.027
0.0329
0.0411
0.028399999999999998
0.005
0.009999999999999998
0.0088
0.16460000000000002
0.1099
0.10300000000000001
0.09290000000000001
0.0853
0.07399999999999998
0.07490000000000001
0.0073
0.040100000000000004
0.0007000000000000001
0.0423
0.05140000000000001
-0.005
2.6341
1.0724
0.34809999999999997
0.6111000000000001
6.9981
4.5066999999999995
1.0716999999999999
1.3029000000000002
0.9042
0.6907
0.7945000000000001
4.0760000000000005
4.5118
4.5958
5.1
0.5961000000000001
0.0176
0.0467
0.064
0.0475
0.053899999999999997
0.06120000000000001
0.061500000000000006
0.07740000000000001
0.0752
0.0478
0.027399999999999997
0.015
0.0854
0.0219
-0.005
0.0027
0.0073
0.5078
0.687
0.0361
0.0348
0.0349
0.0337
0.0346
0.028100000000000003
0.0356
0.0325
0.0209
0.0229
0.028300000000000002
0.0299
0.0209
0.0296
0.0297
0.0319
0.0226
0.0275
0.0285
0.0218
0.0231
0.0192
0.0346
0.0327
0.3056
0.30679999999999996
0.3006
0.3668
1.3607999999999998
1.9826
1.3513000000000002
1.0109000000000001
0.8677
0.46900000000000003
0.2168
0.1698
0.1659
0.1531
0.1638
0.1787
1.0046000000000002
0.9924000000000001
1.3558999999999999
1.41
0.7788
0.3842
0.2753
0.266
0.8238
0.9434
0.9482
0.858
0.39580000000000004
0.3415
0.2989
0.7494
0.5337
0.17450000000000002
0.0383
0.041
0.051
0.049499999999999995
0.0496
0.11230000000000001
0.9806
1.0111999999999999
0.7119
0.6292000000000001
0.6006
0.5757
0.5593
1.6260999999999999
2.0385
6.144699999999999
5.4572
1.0247
0.3138
0.09409999999999999
0.08180000000000001
0.08760000000000001
0.0687
0.061500000000000006
0.0552
0.0567
0.0827
0.1217
0.18309999999999998
0.3291
0.3125
0.8616
0.9901000000000001
0.8444
0.8053
0.8524
1.1401
1.2221000000000002
0.013500000000000002
0.027100000000000003
0.0174
0.012399999999999998
0.0377
0.024500000000000004
0.0299
0.012900000000000002
0.005
0.033
0.0381
0.0332
0.044
0.037099999999999994
0.0399
0.0198
0.0433
0.037
0.0329
0.0311
0.028399999999999998
0.015
0.009999999999999998
0.0088
0.15460000000000002
0.1199
0.10300000000000001
0.09290000000000001
0.07529999999999999
0.07399999999999998
0.0649
0.0073
0.040100000000000004
0.0007000000000000001
0.05229999999999999
0.0614
-0.005
2.6441
1.0823999999999998
0.3581
0.6111000000000001
6.9881
4.5066999999999995
1.0716999999999999
1.3129
0.9042
0.7007
0.7845000000000001
4.086
4.5018
4.5958
5.09
0.6061000000000001
0.0076
0.0367
0.064
0.0475
0.053899999999999997
0.06120000000000001
0.07150000000000001
0.07740000000000001
0.0752
0.0578
0.037399999999999996
0.005
0.0854
0.0319
-0.005
0.0027
-0.0027
0.5078
0.687
0.0261
0.0348
0.0349
0.0337
0.0346
0.028100000000000003
0.0256
0.0225
0.0209
0.0229
0.0183
0.0299
0.0209
0.0296
0.0197
0.0319
0.0226
0.0275
0.0185
0.0318
0.0331
0.0192
0.0346
0.042699999999999995
0.3056
0.31679999999999997
0.3006
0.3768
1.3607999999999998
1.9726000000000001
1.3513000000000002
1.0109000000000001
0.8677
0.459
0.2268
0.17980000000000002
0.1659
0.1531
0.1638
0.1887
1.0046000000000002
0.9824
1.3558999999999999
1.41
0.7788
0.3942
0.2753
0.266
0.8238
0.9534
0.9382
0.858
0.39580000000000004
0.3415
0.2989
0.7494
0.5337
0.17450000000000002
0.048299999999999996
0.041
0.051
0.049499999999999995
0.0496
0.11230000000000001
0.9806
1.0111999999999999
0.7219
0.6292000000000001
0.5906
0.5757
0.5593
1.6260999999999999
2.0484999999999998
6.1347
5.4672
1.0147000000000002
0.3138
0.1041
0.08180000000000001
0.08760000000000001
0.0787
0.061500000000000006
0.045200000000000004
0.0567
0.0927
0.1317
0.1931
0.3291
0.3125
0.8516
0.9801000000000001
0.8444
0.8053
0.8524
1.1301
1.2321
0.023500000000000004
0.0171
0.0274
0.0224
0.0377
0.014500000000000002
0.0299
0.012900000000000002
0.005
0.033
0.0481
0.0332
0.044
0.037099999999999994
0.0299
0.0198
0.0433
0.027
0.0229
0.0311
0.028399999999999998
0.005
0.02
-0.0012000000000000001
0.16460000000000002
0.1199
0.093
0.0829
0.0853
0.07399999999999998
0.0649
0.0073
0.040100000000000004
0.010700000000000001
0.0423
0.05140000000000001
0.005
2.6341
1.0724
0.3581
0.6111000000000001
6.9981
4.4967
1.0716999999999999
1.3029000000000002
0.9042
0.6907
0.7945000000000001
4.086
4.5118
4.6057999999999995
5.09
0.5961000000000001
0.0076
0.0467
0.054000000000000006
0.057499999999999996
0.053899999999999997
0.06120000000000001
0.07150000000000001
0.0674
0.0752
0.0478
0.027399999999999997
0.005
0.0854
0.0319
-0.005
0.0127
-0.0027
0.5078
0.687
0.0261
0.0348
0.0249
0.0337
0.0246
0.0381
0.0256
0.0225
0.0209
0.0229
0.028300000000000002
0.0299
0.0209
0.0296
0.0297
0.0319
0.0226
0.0275
0.0285
0.0218
0.0331
0.0192
0.0346
0.0327
0.2956
0.31679999999999997
0.3006
0.3768
1.3508
1.9826
1.3513000000000002
1.0109000000000001
0.8677
0.46900000000000003
0.2268
0.17980000000000002
0.1659
0.1531
0.1638
0.1787
1.0146
0.9924000000000001
1.3459
1.41
0.7688
0.3942
0.2853
0.256
0.8238
0.9534
0.9482
0.868
0.38580000000000003
0.3415
0.3089
0.7394
0.5337
0.1645
0.048299999999999996
0.051
0.051
0.049499999999999995
0.0496
0.11230000000000001
0.9706
1.0012
0.7119
0.6292000000000001
0.5906
0.5757
0.5593
1.6260999999999999
2.0385
6.1347
5.4672
1.0247
0.3038
0.09409999999999999
0.08180000000000001
0.08760000000000001
0.0687
0.061500000000000006
0.0552
0.0667
0.0827
0.1217
0.18309999999999998
0.3191
0.3125
0.8616
0.9801000000000001
0.8544
0.8153
0.8424
1.1301
1.2221000000000002
0.023500000000000004
0.027100000000000003
0.0174
0.0224
0.0377
0.014500000000000002
0.019899999999999998
0.0029000000000000007
-0.005
0.033
0.0481
0.043199999999999995
0.044
0.037099999999999994
0.0299
0.029800000000000004
0.0333
0.037
0.0329
0.0311
0.0384
0.015
0.009999999999999998
-0.0012000000000000001
0.16460000000000002
0.1199
0.10300000000000001
0.09290000000000001
0.07529999999999999
0.07399999999999998
0.0649
0.0073
0.0501
0.0007000000000000001
0.05229999999999999
0.0614
0.005
2.6441
1.0823999999999998
0.34809999999999997
0.6111000000000001
6.9981
4.4967
1.0617
1.3029000000000002
0.9042
0.7007
0.7845000000000001
4.0760000000000005
4.5118
4.6057999999999995
5.1
0.5961000000000001
0.0176
0.0467
0.064
0.0475
0.0439
0.06120000000000001
0.07150000000000001
0.0674
0.0652
0.0578
0.037399999999999996
0.005
0.0854
0.0219
0.005
0.0127
0.0073
0.4978
0.677
0.0261
0.0248
0.0249
0.023700000000000002
0.0246
0.028100000000000003
0.0256
0.0325
0.0209
0.0229
0.028300000000000002
0.0299
0.0209
0.0196
0.0297
0.0319
0.0226
0.0375
0.0285
0.0218
0.0231
0.0292
0.024599999999999997
0.0327
0.2956
0.30679999999999996
0.3006
0.3768
1.3508
1.9826
1.3513000000000002
1.0209
0.8677
0.46900000000000003
0.2268
0.17980000000000002
0.1759
0.1531
0.1538
0.1787
1.0046000000000002
0.9924000000000001
1.3459
1.4000000000000001
0.7688
0.3942
0.2753
0.266
0.8338
0.9534
0.9482
0.868
0.38580000000000003
0.3415
0.3089
0.7394
0.5337
0.1645
0.048299999999999996
0.041
0.041
0.0395
0.0496
0.11230000000000001
0.9806
1.0012
0.7119
0.6392000000000001
0.5906
0.5757
0.5593
1.6161
2.0385
6.1347
5.4572
1.0147000000000002
0.3138
0.09409999999999999
0.08180000000000001
0.08760000000000001
0.0687
0.061500000000000006
0.045200000000000004
0.0667
0.0827
0.1317
0.1931
0.3191
0.3225
0.8516
0.9901000000000001
0.8544
0.8153
0.8424
1.1401
1.2221000000000002
0.023500000000000004
0.0171
0.0274
0.012399999999999998
0.0277
0.014500000000000002
0.0299
0.012900000000000002
-0.005
0.033
0.0481
0.043199999999999995
0.034
0.027099999999999996
0.0399
0.029800000000000004
0.0333
0.037
0.0229
0.0311
0.028399999999999998
0.015
0.02
-0.0012000000000000001
0.1188
0.1549
0.17670000000000002
0.14390000000000003
0.119
0.24
0.6970999999999999
1.0198
0.6719
3.9617000000000004
0.4476
0.2198
0.175
0.7692
4.1208
0.4792
2.2152000000000003
0.6543
0.2581
0.3063
0.0148
0.005
-0.005
0.005
3.0439
2.4419999999999997
1.8310000000000002
0.786
0.1886
0.1318
0.1437
0.3262
0.3342
0.11230000000000001
0.06970000000000001
0.024499999999999997
0.0058000000000000005
0.010700000000000001
0.012999999999999998
0.021500000000000002
0.038099999999999995
0.8088
0.28159999999999996
0.2878
0.31279999999999997
0.2963
0.445
0.8523999999999999
2.1008
2.6155999999999997
2.8074000000000003
3.0241999999999996
2.8977
0.741
0.1682
0.1876
0.2409
0.3141
0.622
1.3871000000000002
0.844
0.6839000000000001
0.8403999999999999
1.5345000000000002
0.7019
0.39790000000000003
0.44589999999999996
0.5627
0.672
0.6064
0.36839999999999995
1.3903
1.6837999999999997
1.6304000000000003
1.6733000000000002
1.6521
1.1754000000000002
0.3835
0.7675
1.7643
0.9289
0.3359
0.2087
0.1711
0.1659
0.1562
0.16649999999999998
0.233
0.3157
0.8505999999999999
1.0836999999999999
1.4459
1.6749999999999998
1.5153999999999999
1.4059
1.7056
2.8749000000000002
2.9716
3.4605
0.4037
0.0741
0.044199999999999996
0.025699999999999997
0.052199999999999996
0.0356
0.053
0.0415
0.036800000000000006
0.042699999999999995
0.0453
0.0327
0.0362
0.0763
0.029500000000000002
0.0413
0.0365
0.04309999999999999
0.06760000000000001
0.050300000000000004
1.0789
2.8579
3.1621
3.3808999999999996
2.2869
0.049999999999999996
0.0454
0.0393
-0.0024000000000000002
0.0335
0.1505
0.1893
0.0574
0.0489
0.058499999999999996
0.0545
0.0393
0.030500000000000003
0.0304
0.046000000000000006
0.08379999999999999
0.1124
0.058199999999999995
0.0116
1.1742
3.9511000000000003
3.3529
3.3863000000000003
1.9629999999999999
0.4814
0.4358
0.1329
0.074
0.050800000000000005
1.2047000000000003
0.11230000000000001
0.046
0.0376
0.0433
0.0236
0.014699999999999998
0.0015999999999999999
0.005
0.003
0.059500000000000004
0.09129999999999999
0.08940000000000001
0.0423
0.5501
0.1088
0.1449
0.16670000000000001
0.14390000000000003
0.129
0.25
0.6970999999999999
1.0198
0.6719
3.9617000000000004
0.4576
0.2198
0.175
0.7592
4.1208
0.4792
2.2152000000000003
0.6443
0.2581
0.3063
0.0048
0.005
0.005
-0.005
3.0439
2.4419999999999997
1.841
0.796
0.1986
0.1318
0.1537
0.3162
0.3342
0.11230000000000001
0.06970000000000001
0.034499999999999996
0.0058000000000000005
0.0007000000000000001
0.023
0.0115
0.028099999999999997
0.8188
0.28159999999999996
0.2778
0.30279999999999996
0.3063
0.445
0.8523999999999999
2.1108
2.6155999999999997
2.8174
3.0141999999999998
2.9076999999999997
0.751
0.1682
0.1976
0.2409
0.3141
0.612
1.3971
0.844
0.6939000000000001
0.8303999999999999
1.5345000000000002
0.6919
0.39790000000000003
0.45589999999999997
0.5627
0.672
0.5964
0.37839999999999996
1.4002999999999999
1.6837999999999997
1.6404
1.6733000000000002
1.6421000000000001
1.1754000000000002
0.3935
0.7675
1.7543000000000002
0.9289
0.3359
0.2087
0.1711
0.15589999999999998
0.1562
0.16649999999999998
0.233
0.30569999999999997
0.8505999999999999
1.0836999999999999
1.4459
1.6749999999999998
1.5153999999999999
1.4158999999999997
1.7056
2.8749000000000002
2.9816
3.4605
0.4137
0.0741
0.0342
0.025699999999999997
0.052199999999999996
0.045599999999999995
0.043000000000000003
0.0415
0.0468
0.042699999999999995
0.035300000000000005
0.0327
0.0362
0.0663
0.029500000000000002
0.0513
0.0265
0.0331
0.057600000000000005
0.050300000000000004
1.0789
2.8579
3.1621
3.3709
2.2869
0.04
0.0454
0.0493
-0.0024000000000000002
0.0235
0.1605
0.1993
0.047400000000000005
0.038900000000000004
0.0485
0.0545
0.0493
0.030500000000000003
0.0404
0.056
0.0938
0.10239999999999999
0.0482
0.0015999999999999999
1.1642000000000001
3.9511000000000003
3.3529
3.3963
1.953
0.4814
0.4258
0.1329
0.074
0.0608
1.2147000000000001
0.11230000000000001
0.046
0.0376
0.0333
0.0236
0.014699999999999998
0.0116
0.005
0.003
0.059500000000000004
0.1013
0.0794
0.0323
0.5601
0.1088
0.1449
0.16670000000000001
0.13390000000000002
0.119
0.25
0.7071
1.0198
0.6719
3.9617000000000004
0.4476
0.2198
0.175
0.7692
4.1308
0.4792
2.2152000000000003
0.6543
0.2581
0.2963
0.0048
-0.005
0.005
0.005
3.0538999999999996
2.4419999999999997
1.841
0.786
0.1986
0.1418
0.1537
0.3162
0.3342
0.1023
0.05970000000000001
0.034499999999999996
0.0158
0.0007000000000000001
0.012999999999999998
0.0115
0.038099999999999995
0.8188
0.29159999999999997
0.2878
0.30279999999999996
0.3063
0.445
0.8523999999999999
2.1108
2.6155999999999997
2.8074000000000003
3.0241999999999996
2.9076999999999997
0.741
0.1682
0.1876
0.2409
0.3041
0.622
1.3971
0.844
0.6939000000000001
0.8303999999999999
1.5445
0.7019
0.39790000000000003
0.44589999999999996
0.5627
0.682
0.5964
0.36839999999999995
1.3903
1.6837999999999997
1.6404
1.6733000000000002
1.6521
1.1754000000000002
0.3835
0.7775
1.7543000000000002
0.9188999999999999
0.3459
0.2087
0.1611
0.1659
0.16620000000000001
0.16649999999999998
0.233
0.30569999999999997
0.8405999999999999
1.0836999999999999
1.4459
1.665
1.5054
1.4059
1.7056
2.8749000000000002
2.9816
3.4705
0.4037
0.08410000000000001
0.044199999999999996
0.035699999999999996
0.052199999999999996
0.045599999999999995
0.043000000000000003
0.0515
0.0468
0.0327
0.035300000000000005
0.0327
0.0362
0.0763
0.029500000000000002
0.0513
0.0365
0.04309999999999999
0.06760000000000001
0.050300000000000004
1.0789
2.8579
3.1621
3.3709
2.2869
0.04
0.0454
0.0393
-0.0024000000000000002
0.0335
0.1505
0.1993
0.047400000000000005
0.038900000000000004
0.058499999999999996
0.044500000000000005
0.0393
0.0405
0.0404
0.056
0.0938
0.1124
0.058199999999999995
0.0015999999999999999
1.1642000000000001
3.9511000000000003
3.3629
3.3963
1.9629999999999999
0.4914
0.4358
0.1429
0.074
0.050800000000000005
1.2047000000000003
0.1023
0.055999999999999994
0.0376
0.0333
0.0236
0.0247
0.0116
-0.005
0.013000000000000001
0.0695
0.1013
0.0794
0.0323
0.5601
0.1188
0.1549
0.17670000000000002
0.13390000000000002
0.119
0.24
0.6970999999999999
1.0198
0.6719
3.9617000000000004
0.4476
0.2098
0.175
0.7592
4.1208
0.4792
2.2152000000000003
0.6543
0.2481
0.3063
0.0048
-0.005
0.005
0.005
3.0538999999999996
2.432
1.8310000000000002
0.786
0.1886
0.1418
0.1537
0.3162
0.3342
0.1023
0.06970000000000001
0.024499999999999997
0.0058000000000000005
0.0007000000000000001
0.012999999999999998
0.0115
0.038099999999999995
0.8088
0.29159999999999997
0.2778
0.31279999999999997
0.2963
0.435
0.8523999999999999
2.1108
2.6056
2.8074000000000003
3.0141999999999998
2.8977
0.741
0.1782
0.1976
0.2309
0.3141
0.612
1.3971
0.844
0.6839000000000001
0.8403999999999999
1.5345000000000002
0.6919
0.40790000000000004
0.45589999999999997
0.5627
0.672
0.6064
0.37839999999999996
1.4002999999999999
1.6837999999999997
1.6404
1.6733000000000002
1.6521
1.1854
0.3935
0.7675
1.7643
0.9289
0.3359
0.2087
0.1611
0.1659
0.16620000000000001
0.16649999999999998
0.223
0.30569999999999997
0.8405999999999999
1.0836999999999999
1.4459
1.665
1.5153999999999999
1.4158999999999997
1.7155999999999998
2.8849
2.9816
3.4605
0.4137
0.08410000000000001
0.0342
0.025699999999999997
0.052199999999999996
0.045599999999999995
0.043000000000000003
0.0515
0.0468
0.042699999999999995
0.035300000000000005
0.0327
0.0362
0.0763
0.0395
0.0513
0.0365
0.04309999999999999
0.057600000000000005
0.050300000000000004
1.0689000000000002
2.8579
3.1721
3.3808999999999996
2.2969
0.04
0.0454
0.0493
0.0076
0.0335
0.1605
0.1993
0.047400000000000005
0.038900000000000004
0.058499999999999996
0.0545
0.0393
0.0405
0.0304
0.056
0.08379999999999999
0.10239999999999999
0.058199999999999995
0.0116
1.1642000000000001
3.9611
3.3529
3.3863000000000003
1.953
0.4914
0.4358
0.1329
0.084
0.0608
1.2047000000000003
0.1023
0.055999999999999994
0.0376
0.0433
0.0236
0.014699999999999998
0.0015999999999999999
0.005
0.013000000000000001
0.0695
0.09129999999999999
0.0794
0.0423
0.5501
0.1188
0.1449
0.16670000000000001
0.14390000000000003
0.119
0.25
0.7071
1.0198
0.6719
3.9617000000000004
0.4476
0.2098
0.175
0.7692
4.1208
0.4792
2.2052000000000005
0.6543
0.2581
0.2963
0.0148
-0.005
0.005
-0.005
3.0538999999999996
2.4419999999999997
1.841
0.786
0.1986
0.1318
0.1437
0.3262
0.3342
0.1023
0.06970000000000001
0.024499999999999997
0.0058000000000000005
0.010700000000000001
0.012999999999999998
0.0115
0.038099999999999995
0.8188
0.28159999999999996
0.2878
0.30279999999999996
0.3063
0.435
0.8623999999999999
0.6289999999999999
3.5754
5.282100000000001
2.5437999999999996
0.8871
0.8437
0.8025
0.4139
0.10519999999999999
0.0472
0.0556
0.0362
0.0409
0.038099999999999995
0.0409
0.0563
0.0847
0.06520000000000001
0.056600000000000004
0.2766
0.8104
0.6179
0.6643
0.6809999999999999
3.2358000000000002
3.3571999999999997
3.4069000000000003
3.2651
0.317
0.2291
0.2999
0.64
0.5634
0.3931
0.2711
0.2311
0.21050000000000002
0.194
0.1955
0.2152
0.46420000000000006
0.36960000000000004
0.3957
0.4753
0.7086
0.7684000000000001
0.393
2.7391
3.8887
3.8617
3.9333
2.9385000000000003
1.8026999999999997
1.8193
1.9381000000000002
2.8317
3.4463
3.4021
3.3257
3.2345
3.2074
3.4016
4.5656
5.732
2.9181
2.4774000000000003
2.7
5.0866999999999996
5.5377
4.2696
3.5557
6.1364
5.5426
4.885599999999999
4.620399999999999
1.7129000000000003
1.2877999999999998
1.2893000000000001
0.7851
0.4619
0.2777
0.2034
0.25170000000000003
0.2914
0.1847
2.8878999999999997
1.7404000000000002
0.5836
0.8048000000000001
2.8571999999999997
3.4097
1.2469000000000001
0.9276000000000001
3.3366000000000002
5.4662
4.639600000000001
1.6656000000000002
6.3014
5.4535
5.2696000000000005
3.0446
0.1938
1.1926999999999999
-0.0004000000000000002
0.0142
0.036199999999999996
0.0496
0.0345
0.04610000000000001
0.0357
0.039799999999999995
0.010699999999999998
-0.00020000000000000052
0.0236
0.12079999999999999
0.6638000000000001
0.38180000000000003
0.1733
0.1016
0.10540000000000001
0.19410000000000002
1.1991
1.575
1.9295
1.862
1.0479
0.30920000000000003
0.6103
1.1336
1.2503000000000002
1.0845000000000002
0.5282
0.3507
0.3261
0.35350000000000004
0.3752
0.3811
0.39039999999999997
0.405
0.6483
0.42679999999999996
0.4188
0.5606
0.5444
1.1516000000000002
1.8627999999999998
1.3986999999999998
4.0963
3.8949
1.2006000000000001
2.3625999999999996
0.06160000000000001
0.1769
0.1353
0.12160000000000001
0.0966
0.1086
0.07769999999999999
0.1245
0.1845
0.2537
0.5264
1.3639999999999999
1.476
0.3688
0.2723
0.2228
0.17559999999999998
0.6289999999999999
3.5654000000000003
5.2921000000000005
2.5338
0.8771
0.8437
0.8025
0.4139
0.10519999999999999
0.0472
0.0456
0.0362
0.0409
0.038099999999999995
0.0309
0.0563
0.07469999999999999
0.055200000000000006
0.0666
0.2766
0.8204
0.6279
0.6543
0.691
3.2358000000000002
3.3571999999999997
3.4069000000000003
3.2651
0.327
0.2191
0.3099
0.64
0.5734
0.3831
0.2711
0.2311
0.21050000000000002
0.20400000000000001
0.1955
0.2252
0.47420000000000007
0.35960000000000003
0.3957
0.4753
0.7186
0.7684000000000001
0.393
2.7391
3.8887
3.8617
3.9233000000000002
2.9485
1.7927
1.8193
1.9381000000000002
2.8317
3.4463
3.4021
3.3157
3.2345
3.2173999999999996
3.4116
4.5656
5.722
2.9280999999999997
2.4774000000000003
2.7
5.0767
5.5377
4.2696
3.5557
6.1364
5.5426
4.8755999999999995
4.610399999999999
1.7229
1.2877999999999998
1.2993
0.7851
0.4619
0.2777
0.2134
0.25170000000000003
0.2814
0.1747
2.8779
1.7404000000000002
0.5736
0.7948000000000001
2.8571999999999997
3.4097
1.2469000000000001
0.9176000000000001
3.3366000000000002
5.4662
4.639600000000001
1.6656000000000002
6.3114
5.4535
5.2696000000000005
3.0446
0.1938
1.1827
0.009600000000000001
0.0042
0.036199999999999996
0.0396
0.0445
0.056100000000000004
0.0357
0.039799999999999995
0.010699999999999998
0.0098
0.013599999999999998
0.12079999999999999
0.6538
0.38180000000000003
0.18330000000000002
0.1116
0.0954
0.1841
1.1991
1.5650000000000002
1.9295
1.862
1.0578999999999998
0.2992
0.6103
1.1336
1.2603
1.0945
0.5282
0.3607
0.3361
0.36350000000000005
0.3852
0.3811
0.38039999999999996
0.405
0.6583
0.42679999999999996
0.4188
0.5706
0.5444
1.1516000000000002
1.8627999999999998
1.3986999999999998
4.0963
3.8949
1.2106
2.3625999999999996
0.07160000000000001
0.1769
0.1353
0.12160000000000001
0.0966
0.1086
0.0877
0.1345
0.1945
0.2537
0.5364
1.354
1.4859999999999998
0.3688
0.2823
0.2228
0.17559999999999998
0.6389999999999999
3.5654000000000003
5.282100000000001
2.5338
0.8771
0.8337
0.8025
0.4139
0.1152
0.0472
0.0456
0.0462
0.0409
0.028099999999999997
0.0309
0.0663
0.07469999999999999
0.06520000000000001
0.0666
0.2766
0.8104
0.6179
0.6643
0.6809999999999999
3.2458
3.3472
3.4069000000000003
3.2651
0.327
0.2291
0.2999
0.63
0.5734
0.3831
0.2711
0.2311
0.2005
0.20400000000000001
0.20550000000000002
0.2252
0.47420000000000007
0.36960000000000004
0.3857
0.4753
0.7086
0.7784000000000001
0.403
2.7291000000000003
3.8887
3.8517
3.9233000000000002
2.9385000000000003
1.8026999999999997
1.8093000000000001
1.9381000000000002
2.8317
3.4363
3.4120999999999997
3.3257
3.2445
3.2173999999999996
3.4116
4.5656
5.722
2.9280999999999997
2.4874
2.71
5.0767
5.5277
4.2696
3.5457
6.1364
5.5326
4.8755999999999995
4.620399999999999
1.7229
1.2778
1.2893000000000001
0.7751
0.45189999999999997
0.2777
0.2034
0.25170000000000003
0.2914
0.1747
2.8779
1.7504
0.5736
0.8048000000000001
2.8571999999999997
3.3997
1.2569
0.9176000000000001
3.3466
5.4761999999999995
4.639600000000001
1.6656000000000002
6.3114
5.4535
5.2796
3.0446
0.1938
1.1827
0.009600000000000001
0.0142
0.036199999999999996
0.0496
0.0345
0.04610000000000001
0.0357
0.039799999999999995
0.010699999999999998
0.0098
0.013599999999999998
0.1308
0.6538
0.38180000000000003
0.18330000000000002
0.1016
0.10540000000000001
0.1841
1.1991
1.575
1.9195000000000002
1.862
1.0479
0.2992
0.6103
1.1336
1.2603
1.0945
0.5282
0.3607
0.3261
0.36350000000000005
0.3852
0.3911
0.38039999999999996
0.395
0.6483
0.42679999999999996
0.4188
0.5606
0.5544
1.1616
1.8528
1.3986999999999998
4.0863000000000005
3.8949
1.2006000000000001
2.3526
0.06160000000000001
0.1769
0.1253
0.12160000000000001
0.0966
0.0986
0.0877
0.1245
0.1945
0.2637
0.5264
1.354
1.476
0.3688
0.2823
0.2128
0.17559999999999998
0.6289999999999999
3.5654000000000003
5.282100000000001
2.5437999999999996
0.8771
0.8437
0.7925
0.4139
0.1152
0.057199999999999994
0.0456
0.0462
0.0409
0.028099999999999997
0.0409
0.0563
0.07469999999999999
0.06520000000000001
0.056600000000000004
0.2666
0.8204
0.6279
0.6543
0.691
3.2358000000000002
3.3571999999999997
3.4069000000000003
3.2651
0.327
0.2191
0.2999
0.64
0.5634
0.3831
0.2711
0.2211
0.21050000000000002
0.194
0.20550000000000002
0.2152
0.46420000000000006
0.36960000000000004
0.3957
0.4653
0.7186
0.7684000000000001
0.403
2.7291000000000003
3.8987
3.8617
3.9333
2.9485
1.7927
1.8193
1.9481
2.8317
3.4463
3.4120999999999997
3.3157
3.2345
3.2173999999999996
3.4116
4.5556
5.722
2.9280999999999997
2.4874
2.71
5.0767
5.5277
4.2696
3.5557
6.1364
5.5326
4.885599999999999
4.610399999999999
1.7229
1.2877999999999998
1.2993
0.7851
0.45189999999999997
0.2777
0.2134
0.24170000000000003
0.2814
0.1747
2.8779
1.7504
0.5736
0.7948000000000001
2.8472
3.3997
1.2469000000000001
0.9176000000000001
3.3366000000000002
5.4761999999999995
4.6496
1.6756
6.3014
5.4435
5.2796
3.0545999999999998
0.1938
1.1827
0.009600000000000001
0.0042
0.026199999999999998
0.0396
0.0345
0.056100000000000004
0.0357
0.029799999999999997
0.010699999999999998
-0.00020000000000000052
0.013599999999999998
0.1308
0.6538
0.3718
0.18330000000000002
0.1116
0.10540000000000001
0.1841
1.1991
1.575
1.9295
1.8719999999999999
1.0479
0.30920000000000003
0.6103
1.1336
1.2603
1.0945
0.5182
0.3507
0.3361
0.36350000000000005
0.3852
0.3811
0.38039999999999996
0.405
0.6483
0.42679999999999996
0.4288
0.5706
0.5544
1.1616
1.8627999999999998
1.3887
4.0863000000000005
3.8949
1.2006000000000001
2.3625999999999996
0.07160000000000001
0.1869
0.1353
0.1116
0.0866
0.1086
0.07769999999999999
0.1345
0.1945
0.2537
0.5364
1.3639999999999999
1.476
0.3688
0.2723
0.2228
0.17559999999999998
0.6289999999999999
3.5754
5.2921000000000005
2.5338
0.8771
0.8337
0.7925
0.4239
0.10519999999999999
0.0472
0.0556
0.0462
0.0409
0.028099999999999997
0.0309
0.0563
0.0847
0.055200000000000006
0.056600000000000004
0.2766
0.8204
0.6179
0.6543
0.6809999999999999
3.2458
3.3472
3.3969000000000005
3.2750999999999997
0.317
0.2191
0.3099
0.63
0.5634
0.3931
0.2611
0.2311
0.21050000000000002
0.20400000000000001
0.1955
0.2152
0.46420000000000006
0.36960000000000004
0.3857
0.4753
0.7186
0.7784000000000001
0.393
2.7391
3.8987
3.8517
3.9233000000000002
2.9385000000000003
1.7927
1.8193
1.9481
2.8317
3.4363
3.4120999999999997
3.3257
3.2345
3.2074
3.4116
4.5656
5.722
2.9181
2.4774000000000003
2.7
5.0866999999999996
5.5277
4.2596
3.5557
6.1464
